 iter.       Mw      misfit   roughness
    0    0.0000    1.000000  0.000000E+00
    1    7.2104    0.723315  0.715861E+06
    2    7.2969    0.709256  0.310147E+06
    3    7.4964    0.584534  0.465604E+06
    4    7.5251    0.580577  0.314336E+06
    5    7.6029    0.517580  0.391593E+06
    6    7.6193    0.514107  0.310483E+06
    7    7.6608    0.476581  0.355693E+06
    8    7.6714    0.472939  0.310833E+06
    9    7.6924    0.454914  0.326802E+06
   10    7.7003    0.449506  0.309420E+06
   11    7.7165    0.436354  0.318545E+06
   12    7.7230    0.431179  0.307283E+06
   13    7.7362    0.420384  0.314192E+06
   14    7.7416    0.415913  0.305682E+06
   15    7.7523    0.407087  0.310818E+06
   16    7.7571    0.403178  0.304459E+06
   17    7.7659    0.395895  0.308452E+06
   18    7.7701    0.392450  0.303479E+06
   19    7.7775    0.386216  0.306838E+06
   20    7.7812    0.383160  0.302692E+06
   21    7.7878    0.377641  0.305629E+06
   22    7.7911    0.374902  0.302088E+06
   23    7.7971    0.369954  0.304707E+06
   24    7.8000    0.367483  0.301635E+06
   25    7.8054    0.363017  0.303990E+06
   26    7.8081    0.360776  0.301299E+06
   27    7.8129    0.356724  0.303430E+06
   28    7.8153    0.354685  0.301057E+06
   29    7.8198    0.350994  0.302996E+06
   30    7.8220    0.349132  0.300891E+06
   31    7.8260    0.345759  0.302662E+06
   32    7.8281    0.344053  0.300789E+06
   33    7.8318    0.340960  0.302414E+06
   34    7.8336    0.339393  0.300740E+06
   35    7.8371    0.336548  0.302237E+06
   36    7.8388    0.335105  0.300736E+06
   37    7.8419    0.332481  0.302119E+06
   38    7.8435    0.331148  0.300770E+06
   39    7.8464    0.328722  0.302053E+06
   40    7.8479    0.327486  0.300837E+06
   41    7.8506    0.325238  0.302031E+06
   42    7.8520    0.324091  0.300932E+06
   43    7.8545    0.322001  0.302046E+06
   44    7.8558    0.320934  0.301051E+06
   45    7.8581    0.318988  0.302095E+06
   46    7.8593    0.317993  0.301191E+06
   47    7.8615    0.316177  0.302170E+06
   48    7.8626    0.315247  0.301348E+06
   49    7.8646    0.313548  0.302272E+06
   50    7.8657    0.312678  0.301519E+06
   51    7.8676    0.311084  0.302391E+06
   52    7.8686    0.310268  0.301702E+06
   53    7.8704    0.308771  0.302526E+06
   54    7.8713    0.308005  0.301896E+06
   55    7.8729    0.306597  0.302676E+06
   56    7.8738    0.305876  0.302099E+06
   57    7.8754    0.304551  0.302838E+06
   58    7.8762    0.303871  0.302308E+06
   59    7.8777    0.302621  0.303010E+06
   60    7.8784    0.301979  0.302523E+06
   61    7.8799    0.300799  0.303191E+06
   62    7.8806    0.300193  0.302743E+06
   63    7.8819    0.299077  0.303379E+06
   64    7.8826    0.298503  0.302966E+06
   65    7.8839    0.297445  0.303573E+06
   66    7.8845    0.296901  0.303192E+06
   67    7.8857    0.295899  0.303771E+06
   68    7.8863    0.295383  0.303418E+06
   69    7.8874    0.294431  0.303972E+06
   70    7.8880    0.293940  0.303646E+06
   71    7.8891    0.293036  0.304176E+06
   72    7.8896    0.292569  0.303873E+06
   73    7.8906    0.291708  0.304380E+06
   74    7.8912    0.291264  0.304099E+06
   75    7.8921    0.290444  0.304585E+06
   76    7.8926    0.290021  0.304324E+06
   77    7.8935    0.289240  0.304791E+06
   78    7.8940    0.288836  0.304549E+06
   79    7.8949    0.288089  0.304997E+06
   80    7.8953    0.287704  0.304772E+06
   81    7.8962    0.286991  0.305204E+06
   82    7.8966    0.286622  0.304995E+06
   83    7.8974    0.285940  0.305411E+06
   84    7.8978    0.285587  0.305217E+06
   85    7.8986    0.284935  0.305618E+06
   86    7.8990    0.284598  0.305438E+06
   87    7.8997    0.283975  0.305825E+06
   88    7.9001    0.283652  0.305660E+06
   89    7.9008    0.283056  0.306034E+06
   90    7.9011    0.282747  0.305882E+06
   91    7.9018    0.282176  0.306244E+06
   92    7.9022    0.281880  0.306103E+06
   93    7.9028    0.281333  0.306453E+06
   94    7.9032    0.281049  0.306322E+06
   95    7.9038    0.280525  0.306660E+06
   96    7.9041    0.280253  0.306539E+06
   97    7.9047    0.279750  0.306866E+06
   98    7.9050    0.279489  0.306753E+06
   99    7.9056    0.279006  0.307069E+06
  100    7.9059    0.278755  0.306964E+06
  101    7.9065    0.278291  0.307270E+06
  102    7.9068    0.278050  0.307173E+06
  103    7.9073    0.277603  0.307469E+06
  104    7.9076    0.277371  0.307379E+06
  105    7.9081    0.276941  0.307667E+06
  106    7.9084    0.276718  0.307584E+06
  107    7.9089    0.276304  0.307862E+06
  108    7.9091    0.276090  0.307785E+06
  109    7.9096    0.275691  0.308055E+06
  110    7.9099    0.275484  0.307984E+06
  111    7.9103    0.275100  0.308247E+06
  112    7.9106    0.274900  0.308181E+06
  113    7.9110    0.274530  0.308436E+06
  114    7.9112    0.274337  0.308376E+06
  115    7.9117    0.273979  0.308624E+06
  116    7.9119    0.273793  0.308568E+06
  117    7.9123    0.273448  0.308810E+06
  118    7.9125    0.273268  0.308759E+06
  119    7.9129    0.272935  0.308995E+06
  120    7.9131    0.272761  0.308948E+06
  121    7.9135    0.272439  0.309177E+06
  122    7.9137    0.272272  0.309134E+06
  123    7.9141    0.271960  0.309358E+06
  124    7.9143    0.271798  0.309319E+06
  125    7.9146    0.271497  0.309537E+06
  126    7.9148    0.271340  0.309502E+06
  127    7.9152    0.271048  0.309715E+06
  128    7.9154    0.270897  0.309683E+06
  129    7.9157    0.270615  0.309891E+06
  130    7.9159    0.270468  0.309862E+06
  131    7.9162    0.270195  0.310065E+06
  132    7.9164    0.270052  0.310040E+06
  133    7.9167    0.269788  0.310239E+06
  134    7.9168    0.269650  0.310216E+06
  135    7.9171    0.269394  0.310410E+06
  136    7.9173    0.269260  0.310390E+06
  137    7.9176    0.269012  0.310580E+06
  138    7.9177    0.268882  0.310563E+06
  139    7.9180    0.268641  0.310748E+06
  140    7.9182    0.268516  0.310734E+06
  141    7.9185    0.268282  0.310916E+06
  142    7.9186    0.268160  0.310904E+06
  143    7.9189    0.267934  0.311081E+06
  144    7.9190    0.267816  0.311072E+06
  145    7.9193    0.267596  0.311246E+06
  146    7.9194    0.267481  0.311238E+06
  147    7.9196    0.267268  0.311408E+06
  148    7.9198    0.267156  0.311403E+06
  149    7.9200    0.266949  0.311570E+06
  150    7.9201    0.266841  0.311566E+06
  151    7.9204    0.266639  0.311730E+06
  152    7.9205    0.266534  0.311728E+06
  153    7.9207    0.266339  0.311888E+06
  154    7.9209    0.266237  0.311888E+06
  155    7.9211    0.266047  0.312045E+06
  156    7.9212    0.265948  0.312047E+06
  157    7.9214    0.265763  0.312200E+06
  158    7.9215    0.265667  0.312203E+06
  159    7.9217    0.265487  0.312354E+06
  160    7.9218    0.265393  0.312359E+06
  161    7.9220    0.265219  0.312507E+06
  162    7.9222    0.265128  0.312513E+06
  163    7.9224    0.264958  0.312658E+06
  164    7.9225    0.264869  0.312665E+06
  165    7.9226    0.264704  0.312808E+06
  166    7.9227    0.264618  0.312816E+06
  167    7.9229    0.264457  0.312956E+06
  168    7.9230    0.264373  0.312966E+06
  169    7.9232    0.264216  0.313103E+06
  170    7.9233    0.264134  0.313114E+06
  171    7.9235    0.263982  0.313249E+06
  172    7.9236    0.263902  0.313261E+06
  173    7.9238    0.263750  0.313399E+06
  174    7.9238    0.263674  0.313406E+06
  175    7.9240    0.263523  0.313544E+06
  176    7.9241    0.263449  0.313552E+06
  177    7.9243    0.263302  0.313688E+06
  178    7.9244    0.263230  0.313697E+06
  179    7.9245    0.263087  0.313831E+06
  180    7.9246    0.263017  0.313841E+06
  181    7.9248    0.262877  0.313972E+06
  182    7.9248    0.262809  0.313983E+06
  183    7.9250    0.262673  0.314111E+06
  184    7.9251    0.262606  0.314123E+06
  185    7.9252    0.262473  0.314249E+06
  186    7.9253    0.262409  0.314262E+06
  187    7.9254    0.262279  0.314386E+06
  188    7.9255    0.262216  0.314399E+06
  189    7.9257    0.262090  0.314521E+06
  190    7.9257    0.262028  0.314534E+06
  191    7.9259    0.261905  0.314655E+06
  192    7.9259    0.261845  0.314669E+06
  193    7.9261    0.261725  0.314787E+06
  194    7.9261    0.261666  0.314801E+06
  195    7.9263    0.261549  0.314917E+06
  196    7.9263    0.261492  0.314932E+06
  197    7.9265    0.261378  0.315046E+06
  198    7.9265    0.261322  0.315062E+06
  199    7.9267    0.261210  0.315174E+06
  200    7.9267    0.261156  0.315190E+06
