       latitude      longitude observation     resiual  prediction     u_north      u_east        u_up
       31.04900      110.35000    -0.02900    -0.03023     0.00123     0.00133    -0.00535     0.00123
       29.30200      106.85000    -0.00620    -0.00864     0.00244     0.00676    -0.01163     0.00244
       30.63900      104.06400    -0.00152    -0.00082    -0.00070     0.11862    -0.14415    -0.00070
       30.99500      103.66100    -0.15100    -0.11847    -0.03253     0.65506    -0.85604    -0.03253
       30.36800      107.40300     0.01108     0.00743     0.00365     0.00637    -0.01586     0.00365
       29.81500      108.01500     0.01423     0.01173     0.00250     0.00454    -0.01029     0.00250
       31.10500      109.11900     0.00354     0.00159     0.00195     0.00217    -0.00837     0.00195
       30.66600      109.44400     0.01039     0.00864     0.00175     0.00216    -0.00725     0.00175
       31.34100      110.74800     0.01600     0.01497     0.00103     0.00103    -0.00465     0.00103
       27.79600      102.26700     0.05100     0.05352    -0.00252    -0.00031    -0.00062    -0.00252
       30.10600      106.36700     0.01167     0.00737     0.00430     0.01134    -0.02226     0.00430
       28.87200      105.41300    -0.00410    -0.00482     0.00072     0.00792    -0.01008     0.00072
       29.18200      106.25400     0.00619     0.00406     0.00213     0.00797    -0.01221     0.00213
       30.38800      104.54400     0.00802     0.00603     0.00199     0.05184    -0.06858     0.00199
       27.88200      102.11200    -0.01802    -0.01543    -0.00259    -0.00042    -0.00045    -0.00259
       31.07800      108.16600     0.01412     0.01116     0.00296     0.00358    -0.01280     0.00296
       29.56400      103.75500    -0.00761    -0.00140    -0.00621     0.01193    -0.01066    -0.00621
       30.77000      107.86200     0.00474     0.00141     0.00333     0.00467    -0.01424     0.00333
       30.60000      101.74500     0.00600     0.00885    -0.00285     0.00114     0.03051    -0.00285
       28.33500      103.13400    -0.00860    -0.00532    -0.00328     0.00095    -0.00203    -0.00328
       30.59900      101.74400    -0.01516    -0.01231    -0.00285     0.00114     0.03044    -0.00285
       31.44000      104.72600    -0.01193    -0.01449     0.00256     0.10353    -0.25359     0.00256
       29.62000      105.11800     0.00347     0.00183     0.00164     0.01610    -0.02096     0.00164
       30.91000      103.75600    -0.08258    -0.08395     0.00137     0.36229    -0.47533     0.00137
       31.02200      101.18400    -0.01188    -0.01404     0.00216    -0.00333     0.03055     0.00216
       30.35400      103.30500    -0.03833    -0.01133    -0.02700     0.01727    -0.01577    -0.02700
       29.53300      105.35000     0.00256     0.00060     0.00196     0.01374    -0.01872     0.00196
       30.20000      104.10200    -0.00611    -0.00165    -0.00446     0.04842    -0.04693    -0.00446
       29.45700      104.43300    -0.00543    -0.00384    -0.00159     0.01471    -0.01543    -0.00159
       30.32600      101.52500    -0.01124    -0.00823    -0.00301     0.00052     0.01750    -0.00301
       29.98100      103.01000    -0.00646     0.00881    -0.01527     0.00149    -0.00272    -0.01527
       30.75200      108.46000     0.01117     0.00859     0.00258     0.00337    -0.01079     0.00258
       30.88100      101.12500     0.00251     0.00116     0.00135    -0.00216     0.02619     0.00135
       31.02400      109.84200     0.00955     0.00807     0.00148     0.00163    -0.00636     0.00148
       27.80900      102.34800    -0.02000    -0.01746    -0.00254    -0.00025    -0.00070    -0.00254
       34.17800      108.98500     0.03510     0.03561    -0.00051     0.00066    -0.00260    -0.00051
       28.79800      104.59600     0.01303     0.01414    -0.00111     0.00705    -0.00793    -0.00111
       31.00600      104.54500    -0.00553    -0.01117     0.00564     0.09219    -0.18378     0.00564
       33.16300      106.58400    -0.04678    -0.04483    -0.00195     0.00357    -0.00867    -0.00195
       33.33900      105.81400    -0.04389    -0.03483    -0.00906     0.02128     0.00532    -0.00906
       33.08100      107.07500     0.00000     0.00025    -0.00025     0.00169    -0.01006    -0.00025
       32.82000      106.23300    -0.03067    -0.03027    -0.00040     0.00376    -0.02084    -0.00040
       34.10300      102.72600    -0.01374    -0.01470     0.00096    -0.01007     0.01175     0.00096
       32.49400      102.35900     0.02745     0.01815     0.00930    -0.04196     0.06434     0.00930
       32.81400      103.65200     0.03599     0.03600    -0.00001    -0.05117     0.07341    -0.00001
       32.35900      104.69200    -0.03428    -0.09406     0.05978     0.32871     0.90272     0.05978
       32.45100      105.83200     0.01465     0.00617     0.00848     0.00915    -0.07983     0.00848
       32.03000      105.46600     0.02040     0.00871     0.01169     0.01723    -0.14857     0.01169
       32.26600      106.67500     0.03713     0.03252     0.00461     0.00388    -0.03153     0.00461
       31.00000      102.37200    -0.01397    -0.00886    -0.00511    -0.00161     0.12523    -0.00511
       31.47400      103.58600     0.11048     0.09059     0.01989    -0.08841     1.29378     0.01989
       30.06300      103.09000    -0.00933     0.00791    -0.01724     0.00293    -0.00416    -0.01724
       31.08000      105.07100     0.02860     0.02168     0.00692     0.04952    -0.11515     0.00692
       31.34200      106.08100     0.06474     0.05675     0.00799     0.01638    -0.05409     0.00799
       30.62300      103.63900    -0.03666    -0.01662    -0.02004     0.13319    -0.12230    -0.02004
       30.51000      105.55300    -0.01315    -0.01913     0.00598     0.02372    -0.04593     0.00598
       34.52400      105.87800    -0.01467    -0.00989    -0.00478     0.00541     0.00122    -0.00478
       33.69500      105.60400    -0.02007    -0.01093    -0.00914     0.01764     0.00415    -0.00914
       34.01000      104.44700     0.02993     0.03633    -0.00640     0.00360     0.00467    -0.00640
       34.38000      104.81700    -0.06209    -0.05644    -0.00565     0.00497     0.00265    -0.00565
       34.78300      104.40400    -0.01867    -0.01506    -0.00361     0.00126     0.00274    -0.00361
       34.36400      104.07800    -0.02013    -0.01637    -0.00376    -0.00072     0.00472    -0.00376
       30.06600      102.15000     0.02425     0.03276    -0.00851     0.00014     0.00988    -0.00851
       29.53000      101.40600    -0.00282     0.00084    -0.00366    -0.00051     0.00486    -0.00366
       29.34200      101.49200    -0.08023    -0.07640    -0.00383    -0.00067     0.00344    -0.00383
       29.17300      101.47000    -0.19323    -0.18961    -0.00362    -0.00072     0.00263    -0.00362
       29.22500      102.03900    -0.06148    -0.05626    -0.00522    -0.00085     0.00143    -0.00522
       29.29000      102.87100    -0.00463     0.00247    -0.00710     0.00070    -0.00184    -0.00710
       30.82400      103.74200    -0.03169    -0.02726    -0.00443     0.27390    -0.32241    -0.00443
       32.32800      104.66800    -0.07676    -0.12975     0.05299     0.31920     1.02927     0.05299
       30.01600      105.77000    -0.00251    -0.00663     0.00412     0.01569    -0.02663     0.00412
       33.45900      104.95300    -0.06519    -0.05167    -0.01352     0.02886     0.00586    -0.01352
       32.50500      102.35200     0.04409     0.03486     0.00923    -0.04134     0.06331     0.00923
       31.42600      103.03400     0.03345     0.08026    -0.04681    -0.30321     0.66236    -0.04681
       30.01700      103.04000    -0.00044     0.01565    -0.01609     0.00192    -0.00319    -0.01609
       33.90100      106.24400    -0.02058    -0.01540    -0.00518     0.00719     0.00040    -0.00518
       31.84300      106.86000    -0.00522    -0.01061     0.00539     0.00583    -0.02998     0.00539
       33.52900      107.98100    -0.01104    -0.01058    -0.00046     0.00104    -0.00504    -0.00046
       32.39700      105.81100    -0.07400    -0.08395     0.00995     0.01101    -0.08841     0.00995
       33.65800      109.10500     0.01464     0.01471    -0.00007     0.00059    -0.00373    -0.00007
       33.06200      106.32200    -0.04560    -0.04302    -0.00258     0.00527    -0.00983    -0.00258
       32.82500      105.78000     0.05626     0.06171    -0.00545     0.02035    -0.00887    -0.00545
       32.86200      107.18600     0.03993     0.03911     0.00082     0.00145    -0.01273     0.00082
       34.43200      107.58000    -0.04628    -0.04442    -0.00186     0.00177    -0.00155    -0.00186
       35.17300      106.01100    -0.02494    -0.02169    -0.00325     0.00295     0.00082    -0.00325
       35.07900      105.79400    -0.01846    -0.01491    -0.00355     0.00325     0.00102    -0.00355
       35.00500      106.20600    -0.03977    -0.03641    -0.00336     0.00322     0.00067    -0.00336
       34.89400      106.82100    -0.02412    -0.02133    -0.00279     0.00265    -0.00001    -0.00279
       34.87200      105.65400    -0.00841    -0.00432    -0.00409     0.00396     0.00124    -0.00409
       34.74900      106.15800    -0.00955    -0.00569    -0.00386     0.00399     0.00075    -0.00386
       34.79200      105.36800    -0.00611    -0.00169    -0.00442     0.00417     0.00155    -0.00442
       34.51500      106.40000    -0.00108     0.00278    -0.00386     0.00419     0.00036    -0.00386
       34.59400      105.69600    -0.00871    -0.00389    -0.00482     0.00526     0.00139    -0.00482
       34.25100      105.81100    -0.01051    -0.00476    -0.00575     0.00741     0.00160    -0.00575
       34.94500      106.67800    -0.00926    -0.00634    -0.00292     0.00278     0.00018    -0.00292
       35.03800      104.10400    -0.01576    -0.01313    -0.00263    -0.00011     0.00280    -0.00263
       35.04500      104.54100    -0.02871    -0.02546    -0.00325     0.00140     0.00217    -0.00325
       34.85000      104.48000    -0.03989    -0.03630    -0.00359     0.00149     0.00250    -0.00359
       34.71300      104.94000    -0.02613    -0.02160    -0.00453     0.00365     0.00205    -0.00453
       34.46700      104.91400    -0.02818    -0.02278    -0.00540     0.00489     0.00238    -0.00540
       33.36700      100.50700    -0.03568    -0.03922     0.00354    -0.00807     0.01433     0.00354
       34.42400      103.96500    -0.00743    -0.00416    -0.00327    -0.00147     0.00486    -0.00327
       34.17200      102.36500    -0.00343    -0.00499     0.00156    -0.00963     0.01144     0.00156
       32.41400      105.62500    -0.06103    -0.07704     0.01601     0.01848    -0.12650     0.01601
       31.55600      104.30600    -0.23221    -0.16221    -0.07000     0.26528    -0.50020    -0.07000
       30.17700      105.79200    -0.02743    -0.03214     0.00471     0.01685    -0.03028     0.00471
       25.31200      101.02200    -0.00996    -0.00906    -0.00090    -0.00027    -0.00018    -0.00090
       27.59100      101.31300    -0.01278    -0.01082    -0.00196    -0.00055     0.00010    -0.00196
       33.91400      106.50800    -0.00847    -0.00433    -0.00414     0.00525    -0.00075    -0.00414
       33.89100      105.81400    -0.00366     0.00344    -0.00710     0.01128     0.00235    -0.00710
       34.10800      105.30600    -0.00384     0.00348    -0.00732     0.01006     0.00258    -0.00732
       33.61700      106.92400    -0.00212     0.00028    -0.00240     0.00304    -0.00391    -0.00240
       33.69700      105.59400    -0.00899     0.00019    -0.00918     0.01772     0.00417    -0.00918
       33.78000      105.28500    -0.00620     0.00350    -0.00970     0.01741     0.00387    -0.00970
       33.33900      106.15400    -0.00211     0.00342    -0.00553     0.01015    -0.00121    -0.00553
       33.40000      105.62800     0.00000     0.01096    -0.01096     0.02764     0.00769    -0.01096
       32.96200      106.02300     0.01077     0.01495    -0.00418     0.01029    -0.00925    -0.00418
       32.57100      105.22600     0.32431     0.10407     0.22024     0.84811     0.75119     0.22024
       32.44800      105.82900     0.06561     0.05701     0.00860     0.00929    -0.08061     0.00860
       32.01800      105.45700     0.04981     0.03833     0.01148     0.01729    -0.14966     0.01148
       34.74900      103.24700    -0.00691    -0.00583    -0.00108    -0.00400     0.00543    -0.00108
       34.40200      104.07300    -0.02618    -0.02252    -0.00366    -0.00070     0.00458    -0.00366
       34.58800      102.50200    -0.00305    -0.00360     0.00055    -0.00660     0.00778     0.00055
       34.04600      104.38400    -0.02725    -0.02129    -0.00596     0.00257     0.00481    -0.00596
       34.10800      103.14600    -0.02733    -0.02700    -0.00033    -0.00888     0.01057    -0.00033
       34.00000      102.12600    -0.00725    -0.00960     0.00235    -0.01090     0.01342     0.00235
       33.78700      104.40100    -0.03261    -0.02525    -0.00736     0.00356     0.00628    -0.00736
       33.93700      103.72700    -0.01712    -0.01429    -0.00283    -0.00669     0.00982    -0.00283
       33.42300      104.82300    -0.04872    -0.03523    -0.01349     0.02546     0.00651    -0.01349
       33.00000      104.62400    -0.00456     0.01292    -0.01748     0.02416     0.03627    -0.01748
       33.22800      104.22500    -0.04592    -0.03710    -0.00882    -0.00881     0.02389    -0.00882
       32.93000      103.43400    -0.03511    -0.03688     0.00177    -0.04225     0.05552     0.00177
       33.57100      102.99100    -0.00964    -0.01131     0.00167    -0.01776     0.02082     0.00167
       33.42900      101.48100    -0.02427    -0.02860     0.00433    -0.01299     0.01921     0.00433
       32.90200      101.70500    -0.01983    -0.02623     0.00640    -0.01947     0.03122     0.00640
       33.09200      100.59400    -0.03393    -0.03797     0.00404    -0.00891     0.01684     0.00404
       32.59000      103.61200    -0.00952    -0.01129     0.00177    -0.07121     0.11389     0.00177
       32.78500      102.50000    -0.01207    -0.01957     0.00750    -0.03588     0.04988     0.00750
       32.40500      104.57100    -0.04451     0.00869    -0.05320     0.02107     0.52718    -0.05320
       32.18100      104.83100    -0.64585    -0.58188    -0.06397    -0.00117    -1.04296    -0.06397
       32.36100      103.73100    -0.00132    -0.00292     0.00160    -0.10198     0.20514     0.00160
       31.80100      104.44300    -0.64384    -0.35790    -0.28594     0.56281    -2.22761    -0.28594
       31.70500      103.89900    -0.01284    -0.14387     0.13103     0.02071     0.99888     0.13103
       32.07500      103.16500     0.00355    -0.00275     0.00630    -0.11917     0.19090     0.00630
       31.86100      100.72700    -0.00901    -0.01366     0.00465    -0.00796     0.02602     0.00465
       31.77000      101.61400    -0.00969    -0.01718     0.00749    -0.01920     0.05750     0.00749
       32.31800      101.07000    -0.00084    -0.00684     0.00600    -0.01300     0.03030     0.00600
       32.27400      100.33300    -0.00312    -0.00720     0.00408    -0.00708     0.01916     0.00408
       31.48600      104.78100     0.02426     0.01968     0.00458     0.10108    -0.25764     0.00458
       31.35200      104.18600    -0.09468    -0.10009     0.00541     0.25157    -0.50227     0.00541
       31.47400      103.61100    -0.57270    -0.65047     0.07777    -0.01176     1.33815     0.07777
       31.85000      102.67000    -0.01615    -0.02648     0.01033    -0.10412     0.18385     0.01033
       31.46600      102.09500    -0.01099    -0.01783     0.00684    -0.02867     0.11010     0.00684
       31.15700      104.44000     0.05806     0.05227     0.00579     0.11883    -0.25543     0.00579
       31.06000      103.69100    -0.24836    -0.18417    -0.06419     0.81083    -1.15523    -0.06419
       31.00800      103.14500    -0.27144    -0.30813     0.03669    -0.31851     0.76045     0.03669
       30.99100      102.77400    -0.00519     0.02649    -0.03168    -0.00383     0.27424    -0.03168
       30.94900      101.86600    -0.00559    -0.00557    -0.00002    -0.00201     0.05706    -0.00002
       30.95500      101.16200    -0.01466    -0.01642     0.00176    -0.00272     0.02858     0.00176
       31.29600      100.74900    -0.00861    -0.01177     0.00316    -0.00450     0.02442     0.00316
       31.64600      100.29600     0.00350     0.00016     0.00334    -0.00483     0.01910     0.00334
       31.32000      100.24000    -0.00321    -0.00579     0.00258    -0.00338     0.01724     0.00258
       30.73100      104.07700     0.03308     0.03107     0.00201     0.13794    -0.18440     0.00201
       30.41500      103.40900    -0.01983     0.00771    -0.02754     0.03555    -0.02838    -0.02754
       30.25200      102.84000    -0.00582     0.01437    -0.02019    -0.00232     0.00332    -0.02019
       31.14300      100.92900    -0.00268    -0.00541     0.00273    -0.00390     0.02643     0.00273
       30.92400      100.30700    -0.01824    -0.01985     0.00161    -0.00204     0.01535     0.00161
       30.04100      103.84500     0.00535     0.01372    -0.00837     0.03206    -0.02652    -0.00837
       29.97500      103.00200    -0.00473     0.01040    -0.01513     0.00138    -0.00260    -0.01513
       30.07400      101.78800    -0.00321     0.00219    -0.00540     0.00035     0.01159    -0.00540
       30.07500      101.48500    -0.01811    -0.01454    -0.00357     0.00016     0.01159    -0.00357
       30.10600      101.02300    -0.00530    -0.00358    -0.00172    -0.00020     0.01096    -0.00172
       29.78900      102.81600     0.00727     0.01885    -0.01158    -0.00002    -0.00076    -0.01158
       29.84800      102.28900     0.01257     0.02143    -0.00886    -0.00074     0.00466    -0.00886
       29.84600      101.55800    -0.00009     0.00414    -0.00423    -0.00018     0.00788    -0.00423
       29.69500      100.39000     0.03239     0.03356    -0.00117    -0.00039     0.00610    -0.00117
       29.60100      103.46700     0.01426     0.02258    -0.00832     0.00813    -0.00746    -0.00832
       29.34700      102.65500    -0.00705     0.00021    -0.00726    -0.00019    -0.00070    -0.00726
       29.68800      102.08000    -0.01140    -0.00457    -0.00683    -0.00073     0.00417    -0.00683
       29.22800      103.26100     0.00091     0.00723    -0.00632     0.00312    -0.00390    -0.00632
       29.26200      102.43800    -0.00595     0.00042    -0.00637    -0.00061     0.00010    -0.00637
       28.96300      101.51700    -0.00434    -0.00084    -0.00350    -0.00077     0.00176    -0.00350
       28.95500      103.89700    -0.01193    -0.00857    -0.00336     0.00579    -0.00621    -0.00336
       28.95500      102.76600    -0.01674    -0.01141    -0.00533     0.00026    -0.00144    -0.00533
       28.60500      103.97800     0.00880     0.01133    -0.00253     0.00417    -0.00484    -0.00253
       28.31200      103.12000     0.00706     0.01030    -0.00324     0.00090    -0.00198    -0.00324
       28.67200      102.53200    -0.00876    -0.00448    -0.00428    -0.00021    -0.00086    -0.00428
       28.30000      102.43700    -0.00605    -0.00269    -0.00336    -0.00026    -0.00077    -0.00336
       28.51400      102.12500     0.00787     0.01149    -0.00362    -0.00059    -0.00016    -0.00362
       28.25000      103.63900    -0.00763    -0.00504    -0.00259     0.00209    -0.00295    -0.00259
       27.99800      102.83200    -0.00980    -0.00700    -0.00280     0.00025    -0.00130    -0.00280
       27.87400      102.23200    -0.00336    -0.00075    -0.00261    -0.00034    -0.00057    -0.00261
       27.65500      101.23800    -0.00599    -0.00402    -0.00197    -0.00057     0.00019    -0.00197
       27.74700      100.65300     0.00352     0.00520    -0.00168    -0.00054     0.00062    -0.00168
       27.76900      103.89200     0.00492     0.00666    -0.00174     0.00181    -0.00257    -0.00174
       27.68400      103.26900     0.00087     0.00303    -0.00216     0.00075    -0.00167    -0.00216
       27.69300      102.78900    -0.00844    -0.00607    -0.00237     0.00016    -0.00114    -0.00237
       27.35600      103.68600     0.00161     0.00320    -0.00159     0.00108    -0.00183    -0.00159
       27.37000      102.54800    -0.00417    -0.00213    -0.00204    -0.00006    -0.00084    -0.00204
       27.45300      102.18700     0.00266     0.00478    -0.00212    -0.00029    -0.00056    -0.00212
       27.53900      101.70900     0.00684     0.00893    -0.00209    -0.00049    -0.00019    -0.00209
       27.13800      100.93400    -0.00815    -0.00661    -0.00154    -0.00049     0.00012    -0.00154
       26.93100      102.90600    -0.00049     0.00112    -0.00161     0.00018    -0.00097    -0.00161
       26.61900      102.61000    -0.01091    -0.00946    -0.00145    -0.00001    -0.00073    -0.00145
       26.68900      102.26300    -0.00690    -0.00538    -0.00152    -0.00017    -0.00057    -0.00152
       26.82500      102.10000    -0.00316    -0.00155    -0.00161    -0.00024    -0.00050    -0.00161
       27.04800      101.95800     0.00464     0.00639    -0.00175    -0.00032    -0.00043    -0.00175
       26.68900      101.85400    -0.00496    -0.00345    -0.00151    -0.00030    -0.00038    -0.00151
       26.67600      101.24400    -0.00899    -0.00759    -0.00140    -0.00041    -0.00013    -0.00140
       26.50300      101.74800    -0.00988    -0.00849    -0.00139    -0.00030    -0.00034    -0.00139
       26.66500      100.75600    -0.00804    -0.00676    -0.00128    -0.00043     0.00005    -0.00128
       26.40500      103.22600    -0.00392    -0.00271    -0.00121     0.00032    -0.00097    -0.00121
       26.10500      103.16500    -0.00089     0.00020    -0.00109     0.00025    -0.00085    -0.00109
       26.00200      102.53100    -0.00014     0.00101    -0.00115    -0.00003    -0.00059    -0.00115
       26.05000      101.68200    -0.00194    -0.00076    -0.00118    -0.00026    -0.00033    -0.00118
       26.21200      100.59600    -0.00543    -0.00433    -0.00110    -0.00038     0.00000    -0.00110
       25.60700      103.24100    -0.00548    -0.00458    -0.00090     0.00023    -0.00075    -0.00090
       25.79800      102.94000    -0.00306    -0.00204    -0.00102     0.00012    -0.00069    -0.00102
       25.57600      102.50500    -0.00964    -0.00865    -0.00099    -0.00003    -0.00053    -0.00099
       25.64200      101.90100    -0.00726    -0.00622    -0.00104    -0.00018    -0.00038    -0.00104
       25.73200      101.32000     0.00077     0.00181    -0.00104    -0.00028    -0.00023    -0.00104
       25.79700      100.55900    -0.00541    -0.00443    -0.00098    -0.00034    -0.00005    -0.00098
       25.48200      100.54700    -0.00885    -0.00795    -0.00090    -0.00031    -0.00008    -0.00090
       25.34100      100.49600    -0.01930    -0.01844    -0.00086    -0.00030    -0.00008    -0.00086
       25.03700      100.52200    -0.01854    -0.01774    -0.00080    -0.00028    -0.00010    -0.00080
       33.53100      103.05300    -0.00681    -0.00836     0.00155    -0.01859     0.02181     0.00155
       30.31700      104.58500     0.00843     0.00655     0.00188     0.04592    -0.05983     0.00188
       30.31700      104.58500     0.00000    -0.00188     0.00188     0.04592    -0.05983     0.00188
       29.66000      104.06800     0.00000     0.00418    -0.00418     0.01794    -0.01666    -0.00418
       25.09000      103.67900     0.00000     0.00069    -0.00069     0.00033    -0.00074    -0.00069
       33.80300       99.68700    -0.00304    -0.00540     0.00236    -0.00511     0.00915     0.00236
       31.93800       99.19200     0.02378     0.02156     0.00222    -0.00303     0.01068     0.00222
       35.05800      108.08600    -0.00601    -0.00457    -0.00144     0.00123    -0.00090    -0.00144
       33.11500      106.68000     0.01110     0.01241    -0.00131     0.00284    -0.00991    -0.00131
       30.80400      106.03400     0.01092     0.00419     0.00673     0.01722    -0.04190     0.00673
       35.14100      105.37800    -0.01916    -0.01562    -0.00354     0.00291     0.00131    -0.00354
       33.27600      103.88900    -0.01860    -0.01426    -0.00434    -0.01907     0.02687    -0.00434
       31.70500      102.30600    -0.04481    -0.05461     0.00980    -0.05576     0.13653     0.00980
       30.49400      101.49600    -0.02307    -0.02104    -0.00203     0.00037     0.02224    -0.00203
       28.84200      103.52600    -0.01615    -0.01209    -0.00406     0.00328    -0.00406    -0.00406
       27.42000      101.51300    -0.00635    -0.00443    -0.00192    -0.00050    -0.00010    -0.00192
       32.41700      102.38100     0.01914     0.00942     0.00972    -0.04553     0.07097     0.00972
       31.57000      101.40300     0.02990     0.02409     0.00581    -0.01205     0.04685     0.00581
       31.44800      103.16900     0.00000     0.08289    -0.08289    -0.41118     0.82660    -0.08289
       34.23200      104.21100    -0.00471    -0.00014    -0.00457     0.00035     0.00476    -0.00457
       33.95700      104.53600    -0.00387     0.00320    -0.00707     0.00527     0.00447    -0.00707
       33.58100      104.62700    -0.00609     0.00430    -0.01039     0.01192     0.00620    -0.01039
       33.39700      104.89600    -0.00854     0.00570    -0.01424     0.03061     0.00661    -0.01424
       33.14200      105.16000    -0.00145     0.01657    -0.01802     0.07991     0.01672    -0.01802
       32.80800      105.49200     0.11876     0.11990    -0.00114     0.11338     0.06529    -0.00114
       32.47700      105.85700    -0.05020    -0.05762     0.00742     0.00797    -0.07332     0.00742
       31.14300      102.43800     0.08000     0.08310    -0.00310    -0.01800     0.17534    -0.00310
       28.73500      104.46500     0.01689     0.01833    -0.00144     0.00634    -0.00708    -0.00144
       28.72600      104.16600     0.00915     0.01137    -0.00222     0.00542    -0.00603    -0.00222
       28.66800      103.80400     0.10245     0.10547    -0.00302     0.00381    -0.00450    -0.00302
       28.66600      103.71100    -0.03744    -0.03422    -0.00322     0.00344    -0.00418    -0.00322
       28.56200      103.69000    -0.00204     0.00101    -0.00305     0.00301    -0.00380    -0.00305
       28.46000      103.53500    -0.00129     0.00181    -0.00310     0.00222    -0.00313    -0.00310
       28.32200      103.45100     0.00111     0.00405    -0.00294     0.00173    -0.00268    -0.00294
       28.35500      103.33300     0.00638     0.00952    -0.00314     0.00146    -0.00247    -0.00314
       28.39600      103.21300     0.01748     0.02083    -0.00335     0.00120    -0.00226    -0.00335
       28.07400      102.97000    -0.00810    -0.00523    -0.00287     0.00048    -0.00154    -0.00287
       28.06300      102.89800    -0.00179     0.00109    -0.00288     0.00036    -0.00143    -0.00288
       28.00800      102.85300    -0.01033    -0.00752    -0.00281     0.00028    -0.00134    -0.00281
       27.99700      102.80300    -0.00287    -0.00007    -0.00280     0.00021    -0.00126    -0.00280
       27.93700      102.71600    -0.00237     0.00035    -0.00272     0.00009    -0.00113    -0.00272
       27.91500      102.64500    -0.00876    -0.00606    -0.00270     0.00001    -0.00104    -0.00270
       27.87900      102.56500    -0.00139     0.00126    -0.00265    -0.00007    -0.00094    -0.00265
       27.87700      102.37900    -0.00122     0.00142    -0.00264    -0.00024    -0.00073    -0.00264
       27.88600      102.29300    -0.02751    -0.02487    -0.00264    -0.00030    -0.00064    -0.00264
       27.78100      102.31600     0.03850     0.04100    -0.00250    -0.00027    -0.00067    -0.00250
       27.72900      102.21800     0.01609     0.01851    -0.00242    -0.00032    -0.00058    -0.00242
       27.71900      102.15800     0.02368     0.02608    -0.00240    -0.00036    -0.00052    -0.00240
       27.71400      102.02300     0.04683     0.04919    -0.00236    -0.00042    -0.00040    -0.00236
       27.71700      101.94200     0.05148     0.05382    -0.00234    -0.00046    -0.00033    -0.00234
       27.45100      101.40600     0.10759     0.10949    -0.00190    -0.00052    -0.00002    -0.00190
       27.74300      101.21700     0.07518     0.07720    -0.00202    -0.00058     0.00026    -0.00202
       27.85900      101.25400     0.00925     0.01137    -0.00212    -0.00060     0.00031    -0.00212
       28.02100      101.19600     0.03205     0.03425    -0.00220    -0.00063     0.00049    -0.00220
       29.72900      100.50800    -0.02703    -0.02572    -0.00131    -0.00038     0.00644    -0.00131
       29.04300      100.41300    -0.00989    -0.00822    -0.00167    -0.00046     0.00314    -0.00167
       28.54700      100.31900    -0.06537    -0.06376    -0.00161    -0.00049     0.00189    -0.00161
       29.04300       99.37800    -0.01996    -0.01925    -0.00071    -0.00033     0.00313    -0.00071
       28.71300       99.28600    -0.00394    -0.00315    -0.00079    -0.00032     0.00244    -0.00079
       28.21300       99.33700    -0.02908    -0.02815    -0.00093    -0.00034     0.00166    -0.00093
       28.42200      102.73600    -0.03638    -0.03273    -0.00365     0.00015    -0.00129    -0.00365
       28.55200      103.11300    -0.01889    -0.01507    -0.00382     0.00108    -0.00220    -0.00382
       33.19600      101.47000    -0.01299    -0.01804     0.00505    -0.01453     0.02268     0.00505
       33.94600      102.85000    -0.00491    -0.00590     0.00099    -0.01168     0.01360     0.00099
       33.53000      102.77900     0.01019     0.00755     0.00264    -0.01848     0.02204     0.00264
       33.43600      102.61300    -0.01153    -0.01509     0.00356    -0.01986     0.02436     0.00356
       33.26600      102.53300     0.00831     0.00371     0.00460    -0.02300     0.02917     0.00460
       33.11900      102.62200    -0.00801    -0.01323     0.00522    -0.02746     0.03523     0.00522
       33.77600      102.96300    -0.00002    -0.00111     0.00109    -0.01394     0.01622     0.00109
       33.67100      103.34700    -0.00304    -0.00262    -0.00042    -0.01440     0.01703    -0.00042
       33.56200      103.67200     0.00276     0.00518    -0.00242    -0.01381     0.01762    -0.00242
       33.53400      103.97200     0.00261     0.00759    -0.00498    -0.00914     0.01519    -0.00498
       32.14200      100.43700    -0.00504    -0.00928     0.00424    -0.00729     0.02082     0.00424
       32.96900      103.00200     0.01069     0.00598     0.00471    -0.03681     0.04697     0.00471
       32.92400      102.62900    -0.02626    -0.03266     0.00640    -0.03355     0.04451     0.00640
       32.69900      102.35800    -0.02923    -0.03734     0.00811    -0.03536     0.05148     0.00811
       32.17400      102.50000     0.00924    -0.00162     0.01086    -0.06278     0.10226     0.01086
       32.95300      103.34600     0.00406     0.00162     0.00244    -0.04048     0.05234     0.00244
       33.02500      103.70900    -0.00816    -0.00648    -0.00168    -0.03554     0.04779    -0.00168
       32.78500      103.90600     0.02815     0.03176    -0.00361    -0.05226     0.08471    -0.00361
       32.04200      103.67700    -0.05111    -0.04351    -0.00760    -0.11531     0.37245    -0.00760
       32.50700      104.17700     0.29681     0.30673    -0.00992    -0.07999     0.21337    -0.00992
       32.46900      104.40500     0.00034     0.03103    -0.03069    -0.04829     0.31553    -0.03069
       32.44900      104.90800     0.14954     0.17227    -0.02273     0.74995     1.07750    -0.02273
       32.05600      104.75100    -0.32491    -0.19815    -0.12676    -0.05447    -0.53547    -0.12676
       32.67400      105.47900     0.02738    -0.00170     0.02908     0.12803     0.07332     0.02908
       32.60600      105.30200     0.31285     0.14610     0.16675     0.52463     0.45245     0.16675
       32.56500      105.51600    -0.05995    -0.07883     0.01888     0.03298    -0.10626     0.01888
       32.39500      105.70600    -0.00303    -0.01587     0.01284     0.01487    -0.10820     0.01284
       32.32100      105.56000    -0.00837    -0.02661     0.01824     0.02082    -0.14788     0.01824
       32.04500      105.44200     0.01214     0.00026     0.01188     0.01623    -0.15532     0.01188
       32.16000      105.54100     0.00290    -0.01127     0.01417     0.01812    -0.14181     0.01417
       32.13000      105.80300     0.00348    -0.00740     0.01088     0.01550    -0.09520     0.01088
       32.68500      106.00300     0.01631     0.01524     0.00107     0.00490    -0.03512     0.00107
       32.53800      106.85700     0.00061    -0.00201     0.00262     0.00210    -0.02189     0.00262
       32.30400      105.98100     0.05187     0.04350     0.00837     0.00908    -0.07131     0.00837
       32.22200      106.23500     0.11103     0.10415     0.00688     0.00701    -0.05238     0.00688
       32.24100      106.43000     0.02044     0.01473     0.00571     0.00523    -0.04124     0.00571
       32.35700      106.84200    -0.02777    -0.03143     0.00366     0.00289    -0.02559     0.00366
       32.07900      106.46900    -0.00228    -0.00860     0.00632     0.00660    -0.04188     0.00632
       32.66200      107.07500    -0.01146    -0.01322     0.00176     0.00167    -0.01667     0.00176
       31.99500      100.61400    -0.02214    -0.02668     0.00454    -0.00784     0.02379     0.00454
       31.99300      100.99500     0.01593     0.01030     0.00563    -0.01097     0.03143     0.00563
       31.77600      100.74900    -0.01118    -0.01574     0.00456    -0.00764     0.02650     0.00456
       31.78800      101.26100     0.01192     0.00576     0.00616    -0.01271     0.04055     0.00616
       31.80100      101.90800    -0.01197    -0.02089     0.00892    -0.02970     0.07856     0.00892
       31.94100      102.14100     0.00992    -0.00039     0.01031    -0.04362     0.09321     0.01031
       32.01000      102.61700    -0.00416    -0.01522     0.01106    -0.08356     0.13919     0.01106
       31.67400      102.77900     0.06587     0.06030     0.00557    -0.14590     0.27605     0.00557
       31.52700      102.91100     0.05751     0.06949    -0.01198    -0.21505     0.43689    -0.01198
       31.00900      102.11800    -0.01006    -0.00907    -0.00099    -0.00310     0.08544    -0.00099
       31.93000      103.42400     0.01183     0.01431    -0.00248    -0.13540     0.31247    -0.00248
       31.84100      103.69400     0.00800     0.05273    -0.04473    -0.08658     0.57233    -0.04473
       31.55700      103.44500     0.00168     0.09669    -0.09501    -0.32475     0.81493    -0.09501
       31.65900      103.82000    -0.02141     0.00876    -0.03017     0.09928     1.03681    -0.03017
       31.44300      103.16500     0.08779     0.17040    -0.08261    -0.40964     0.83060    -0.08261
       31.25300      103.48500     0.15507    -0.14433     0.29940    -0.66140     2.57389     0.29940
       31.16700      103.81200    -0.08103    -0.00051    -0.08052     0.45802    -1.06073    -0.08052
       31.02800      103.17700    -0.06010    -0.15822     0.09812    -0.37267     0.88078     0.09812
       31.03600      103.46900     0.61332    -0.93159     1.54491    -0.96037     2.57238     1.54491
       31.08000      103.97900    -0.05322    -0.05904     0.00582     0.25296    -0.51962     0.00582
       31.98000      104.66700    -0.40835    -0.32031    -0.08804     0.07762    -0.81319    -0.08804
       31.87000      104.57400    -0.51697    -0.45299    -0.06398     0.40184    -1.33452    -0.06398
       31.90200      104.72100    -0.03410    -0.02422    -0.00988     0.10452    -0.71183    -0.00988
       31.79700      104.14200    -0.02748    -0.17855     0.15107    -0.18742     1.44908     0.15107
       31.85200      104.73700    -0.01325    -0.01986     0.00661     0.12757    -0.63937     0.00661
       31.83400      104.86300    -0.04853    -0.05531     0.00678     0.06205    -0.41529     0.00678
       31.78100      104.93300    -0.04433    -0.05323     0.00890     0.05885    -0.32920     0.00890
       31.72700      104.69800    -0.19266    -0.20468     0.01202     0.18754    -0.53858     0.01202
       31.68900      104.44500    -0.48626    -0.35573    -0.13053     0.29019    -0.69751    -0.13053
       31.56200      104.35400    -0.16107    -0.08963    -0.07144     0.21445    -0.46135    -0.07144
       31.63600      104.73100    -0.03254    -0.04006     0.00752     0.14548    -0.38412     0.00752
       31.65500      104.94400    -0.03343    -0.04280     0.00937     0.07321    -0.27193     0.00937
       31.51000      104.25000    -0.23180    -0.19755    -0.03425     0.32665    -0.55319    -0.03425
       31.56000      104.53100    -0.10218    -0.07852    -0.02366     0.17223    -0.38803    -0.02366
       31.56100      104.85500    -0.09028    -0.09787     0.00759     0.09378    -0.26839     0.00759
       31.54400      104.96500    -0.02403    -0.03191     0.00788     0.07117    -0.22264     0.00788
       31.45300      104.50900    -0.01778    -0.00715    -0.01063     0.13954    -0.32875    -0.01063
       31.44600      104.60100    -0.06500    -0.06135    -0.00365     0.12357    -0.29273    -0.00365
       31.40300      104.29900    -0.09027    -0.08640    -0.00387     0.21119    -0.43463    -0.00387
       31.39600      104.54800    -0.06940    -0.06622    -0.00318     0.12285    -0.29106    -0.00318
       31.37700      104.79800    -0.03079    -0.03527     0.00448     0.08590    -0.21382     0.00448
       31.28700      104.23600    -0.04321    -0.05140     0.00819     0.19786    -0.41826     0.00819
       31.28600      104.49800    -0.01417    -0.01640     0.00223     0.11922    -0.27405     0.00223
       31.29700      104.73800    -0.00392    -0.00791     0.00399     0.08627    -0.20635     0.00399
       31.30100      104.86700    -0.00418    -0.00968     0.00550     0.07272    -0.18018     0.00550
       31.21100      104.40000    -0.08287    -0.08854     0.00567     0.13243    -0.28944     0.00567
       31.11800      104.85700    -0.01433    -0.02024     0.00591     0.06556    -0.14830     0.00591
       31.18400      104.99200    -0.03230    -0.03885     0.00655     0.05730    -0.13864     0.00655
       31.08500      104.13600    -0.00805    -0.01776     0.00971     0.18551    -0.37552     0.00971
       31.10600      104.35900    -0.04416    -0.05131     0.00715     0.13032    -0.26861     0.00715
       31.13400      104.53600     0.00060    -0.00459     0.00519     0.10106    -0.21818     0.00519
       31.05300      104.21200    -0.02240    -0.03127     0.00887     0.15887    -0.31186     0.00887
       31.04900      104.68300    -0.01876    -0.02427     0.00551     0.07855    -0.16537     0.00551
       31.09300      104.99600    -0.01918    -0.02579     0.00661     0.05454    -0.12551     0.00661
       31.94400      105.29800    -0.02762    -0.03719     0.00957     0.01695    -0.18452     0.00957
       31.92000      105.48800    -0.00231    -0.01272     0.01041     0.02006    -0.13623     0.01041
       31.99400      105.89600     0.00078    -0.00898     0.00976     0.01505    -0.08202     0.00976
       31.84600      105.56300    -0.00807    -0.01806     0.00999     0.02127    -0.11875     0.00999
       31.81300      105.10200    -0.00266    -0.01052     0.00786     0.03238    -0.23800     0.00786
       31.71100      105.06600    -0.01664    -0.02526     0.00862     0.04759    -0.23289     0.00862
       31.75800      105.20400    -0.01826    -0.02677     0.00851     0.03242    -0.19091     0.00851
       31.74700      105.59600    -0.00245    -0.01201     0.00956     0.02256    -0.10862     0.00956
       31.84400      105.94700    -0.01364    -0.02287     0.00923     0.01554    -0.07441     0.00923
       31.65600      105.16800    -0.02838    -0.03685     0.00847     0.04186    -0.18605     0.00847
       31.62700      105.51400     0.03736     0.02827     0.00909     0.02667    -0.11278     0.00909
       31.59200      105.10200    -0.00445    -0.01276     0.00831     0.05134    -0.19312     0.00831
       31.53600      105.18500    -0.02563    -0.03382     0.00819     0.04523    -0.16175     0.00819
       31.56200      105.36000    -0.00994    -0.01857     0.00863     0.03374    -0.13117     0.00863
       31.62400      105.71200     0.05267     0.04348     0.00919     0.02183    -0.08916     0.00919
       31.31700      105.03900    -0.00774    -0.01463     0.00689     0.05724    -0.15241     0.00689
       31.39200      105.15900    -0.01238    -0.02005     0.00767     0.04854    -0.14432     0.00767
       31.38200      105.29100     0.02262     0.01452     0.00810     0.03983    -0.12278     0.00810
       31.32600      105.55400     0.03123     0.02275     0.00848     0.02861    -0.08849     0.00848
       31.23300      105.27100     0.18136     0.17358     0.00778     0.04055    -0.10964     0.00778
       31.16800      105.12800    -0.09176    -0.09896     0.00720     0.04782    -0.11896     0.00720
       31.24900      105.40000     0.02300     0.01488     0.00812     0.03452    -0.09755     0.00812
       31.32500      105.91600    -0.02544    -0.03374     0.00830     0.01937    -0.06226     0.00830
       31.00500      105.17000     0.06074     0.05358     0.00716     0.04275    -0.09746     0.00716
       31.99500      106.38900     0.02217     0.01520     0.00697     0.00810    -0.04623     0.00697
       31.89400      106.15200     0.04736     0.03903     0.00833     0.01191    -0.05972     0.00833
       31.80100      106.02400    -0.00422    -0.01309     0.00887     0.01464    -0.06750     0.00887
       30.96800      102.63500    -0.00775     0.00951    -0.01726     0.00367     0.18965    -0.01726
       30.72200      102.74700    -0.04896    -0.02481    -0.02415     0.00844     0.07535    -0.02415
       30.50800      102.91300    -0.00518     0.02495    -0.03013    -0.00606     0.01219    -0.03013
       30.40900      102.77500    -0.02891    -0.00650    -0.02241    -0.00228     0.01213    -0.02241
       31.00800      103.66200    -0.13906    -0.10064    -0.03842     0.70017    -0.92564    -0.03842
       30.98100      103.79400    -0.04895    -0.05246     0.00351     0.40362    -0.61130     0.00351
       30.98100      103.90100    -0.04292    -0.05148     0.00856     0.28911    -0.48519     0.00856
       30.86600      103.57800    -0.15070    -0.10988    -0.04082     0.34182    -0.41065    -0.04082
       30.92900      103.70300    -0.12784    -0.12108    -0.00676     0.43530    -0.55465    -0.00676
       30.85000      103.83100    -0.02837    -0.03169     0.00332     0.26018    -0.33866     0.00332
       30.77500      103.93900    -0.08067    -0.08265     0.00198     0.18221    -0.23466     0.00198
       30.73400      103.50600    -0.07801    -0.03742    -0.04059     0.17314    -0.18516    -0.04059
       30.70400      103.86100    -0.01873    -0.01512    -0.00361     0.16837    -0.19013    -0.00361
       30.59700      103.95400    -0.03808    -0.03391    -0.00417     0.11970    -0.13065    -0.00417
       30.53000      103.48000    -0.05610    -0.02589    -0.03021     0.06903    -0.05683    -0.03021
       30.48600      103.63800    -0.04255    -0.02363    -0.01892     0.08309    -0.06854    -0.01892
       30.43000      103.76300    -0.01996    -0.00710    -0.01286     0.07859    -0.06742    -0.01286
       30.36200      103.33500    -0.04246    -0.01562    -0.02684     0.02117    -0.01822    -0.02684
       30.37100      103.58600    -0.03084    -0.01181    -0.01903     0.05325    -0.04085    -0.01903
       30.39300      103.87400    -0.00838     0.00076    -0.00914     0.07409    -0.06702    -0.00914
       30.30900      103.51000    -0.03921    -0.01930    -0.01991     0.03734    -0.02796    -0.01991
       30.32800      103.71800    -0.00843     0.00531    -0.01374     0.05707    -0.04579    -0.01374
       30.22800      103.31100     0.02924     0.05055    -0.02131     0.01439    -0.01233    -0.02131
       30.22100      103.49600    -0.00675     0.01105    -0.01780     0.02858    -0.02135    -0.01780
       30.26900      103.60900    -0.04964    -0.03354    -0.01610     0.04171    -0.03157    -0.01610
       30.26100      103.87200    -0.03043    -0.02136    -0.00907     0.05361    -0.04613    -0.00907
       30.17300      103.89700    -0.01960    -0.01142    -0.00818     0.04425    -0.03791    -0.00818
       30.13400      103.29400    -0.03103    -0.01261    -0.01842     0.01140    -0.00992    -0.01842
       30.09400      103.48400    -0.03719    -0.02215    -0.01504     0.02065    -0.01571    -0.01504
       30.05100      103.62400    -0.03223    -0.02015    -0.01208     0.02520    -0.01935    -0.01208
       30.05200      103.71200    -0.03985    -0.02919    -0.01066     0.02874    -0.02256    -0.01066
       30.03200      103.96000    -0.02411    -0.01759    -0.00652     0.03370    -0.02941    -0.00652
       30.01100      103.50100    -0.03322    -0.02000    -0.01322     0.01809    -0.01400    -0.01322
       30.02300      104.06300    -0.01844    -0.01343    -0.00501     0.03422    -0.03140    -0.00501
       30.97600      104.29200    -0.04255    -0.04960     0.00705     0.13132    -0.24339     0.00705
       30.89600      104.21600    -0.02643    -0.03281     0.00638     0.13831    -0.23352     0.00638
       30.93100      104.49900    -0.02770    -0.03327     0.00557     0.09354    -0.17490     0.00557
       30.96200      104.81500    -0.01408    -0.02004     0.00596     0.06340    -0.13002     0.00596
       30.92800      104.73200    -0.01392    -0.01964     0.00572     0.06882    -0.13564     0.00572
       30.88800      104.93200    -0.01190    -0.01817     0.00627     0.05305    -0.10692     0.00627
       30.86500      104.06700    -0.05871    -0.06507     0.00636     0.17180    -0.26573     0.00636
       30.87000      104.37500    -0.01403    -0.01940     0.00537     0.10628    -0.18327     0.00537
       30.87700      104.57700    -0.02727    -0.03261     0.00534     0.08111    -0.14866     0.00534
       30.79900      104.15200    -0.02790    -0.03223     0.00433     0.13709    -0.20431     0.00433
       30.79500      104.86400    -0.01575    -0.02160     0.00585     0.05429    -0.10180     0.00585
       30.73700      104.07800    -0.04797    -0.05017     0.00220     0.13915    -0.18727     0.00220
       30.74600      104.29800    -0.02418    -0.02783     0.00365     0.10450    -0.15754     0.00365
       30.72500      104.52300    -0.00718    -0.01150     0.00432     0.07684    -0.12409     0.00432
       30.78000      104.69000    -0.00602    -0.01125     0.00523     0.06573    -0.11632     0.00523
       30.74900      104.94200    -0.01578    -0.02173     0.00595     0.04839    -0.09022     0.00595
       30.67700      104.02600    -0.05082    -0.05049    -0.00033     0.13311    -0.16360    -0.00033
       30.72700      104.82700     0.07468     0.06918     0.00550     0.05409    -0.09640     0.00550
       30.69100      104.89100    -0.01221    -0.01778     0.00557     0.04922    -0.08750     0.00557
       30.70500      104.21200     0.01174     0.00927     0.00247     0.11099    -0.15527     0.00247
       30.63300      104.39600    -0.02722    -0.03000     0.00278     0.08106    -0.11644     0.00278
       30.61400      104.63900    -0.00800    -0.01213     0.00413     0.06067    -0.09488     0.00413
       30.62000      104.74100    -0.00427    -0.00893     0.00466     0.05470    -0.08900     0.00466
       30.61100      104.92800    -0.00838    -0.01373     0.00535     0.04475    -0.07696     0.00535
       30.58900      104.17900    -0.03865    -0.03868     0.00003     0.09644    -0.12029     0.00003
       30.53100      103.98500    -0.03408    -0.02940    -0.00468     0.10089    -0.10681    -0.00468
       30.46300      104.07300    -0.03449    -0.03090    -0.00359     0.08299    -0.08888    -0.00359
       30.55400      104.30200    -0.02695    -0.02800     0.00105     0.08075    -0.10483     0.00105
       30.53900      104.52500    -0.00361    -0.00651     0.00290     0.06325    -0.09025     0.00290
       30.50500      104.62100     0.00483     0.00150     0.00333     0.05540    -0.08063     0.00333
       30.95300      105.05400     0.03976     0.03302     0.00674     0.04770    -0.10273     0.00674
       31.70600      104.56700    -0.15862    -0.14015    -0.01847     0.29184    -0.67035    -0.01847
