     lat_deg     lon_deg    depth_km   length_km    width_km  slp_strk_m  slp_ddip_m    slp_am_m  strike_deg     dip_deg    rake_deg sig_stk_MPa sig_ddi_MPa sig_nrm_MPa
     32.6123    105.4589      1.3636      4.9914      5.1278     -0.2604      0.0000      0.2604    239.4780     32.1310    180.0000     -0.2857      0.0402     -0.1060
     32.6396    105.4227      4.0909      4.9903      5.1276     -0.1971     -0.0061      0.1972    239.4900     32.1327    178.2392      0.2174     -0.0071      0.1032
     32.6669    105.3864      6.8182      4.9891      5.1273     -0.2132     -0.0122      0.2135    239.5019     32.1345    176.7208      0.3824     -0.0576      0.1660
     32.6942    105.3501      9.5455      4.9880      5.1271     -0.3128     -0.0035      0.3128    239.5139     32.1362    179.3538      0.0424     -0.0416      0.1547
     32.7215    105.3137     12.2727      4.9869      5.1269     -0.3503      0.0000      0.3503    239.5258     32.1379    180.0000     -0.1682     -0.0903      0.1090
     32.7488    105.2774     15.0000      4.9857      5.1266     -0.2929      0.0000      0.2929    239.5378     32.1396    180.0000     -0.1091     -0.1324      0.0659
     32.7760    105.2410     17.7273      4.9846      5.1264     -0.1957      0.0000      0.1957    239.5498     32.1413    180.0000      0.0387     -0.1376      0.0328
     32.8033    105.2046     20.4545      4.9835      5.1261     -0.1076      0.0000      0.1076    239.5618     32.1431    180.0000      0.1413     -0.1203      0.0141
     32.8305    105.1682     23.1818      4.9824      5.1259     -0.0485      0.0000      0.0485    239.5738     32.1448    180.0000      0.1720     -0.0945      0.0039
     32.8578    105.1318     25.9091      4.9812      5.1256     -0.0164      0.0000      0.0164    239.5858     32.1465    180.0000      0.1555     -0.0692     -0.0007
     32.8850    105.0953     28.6364      4.9801      5.1254     -0.0041      0.0000      0.0041    239.5978     32.1482    180.0000      0.1146     -0.0494     -0.0026
     32.5894    105.4130      1.3636      4.9923      5.1281     -0.3088      0.0000      0.3088    239.4844     32.1293    180.0000      0.2906      0.1007     -0.1780
     32.6168    105.3768      4.0909      4.9912      5.1278     -0.2920     -0.0032      0.2920    239.4963     32.1310    179.3698      0.7030     -0.0286      0.1031
     32.6441    105.3405      6.8182      4.9901      5.1276     -0.4411     -0.0118      0.4413    239.5083     32.1327    178.4697      0.2894     -0.1109      0.2127
     32.6714    105.3042      9.5455      4.9889      5.1273     -0.6188      0.0000      0.6188    239.5202     32.1345    180.0000     -0.4305     -0.0865      0.1767
     32.6987    105.2678     12.2727      4.9878      5.1271     -0.6321      0.0000      0.6321    239.5322     32.1362    180.0000     -0.6591     -0.1350      0.1117
     32.7259    105.2315     15.0000      4.9867      5.1268     -0.5036      0.0000      0.5036    239.5442     32.1379    180.0000     -0.4806     -0.1411      0.0601
     32.7532    105.1951     17.7273      4.9856      5.1266     -0.3274      0.0000      0.3274    239.5561     32.1396    180.0000     -0.1805     -0.1255      0.0279
     32.7805    105.1587     20.4545      4.9844      5.1264     -0.1788      0.0000      0.1788    239.5681     32.1414    180.0000      0.0346     -0.1028      0.0106
     32.8077    105.1223     23.1818      4.9833      5.1261     -0.0799      0.0000      0.0799    239.5801     32.1431    180.0000      0.1403     -0.0791      0.0019
     32.8349    105.0859     25.9091      4.9822      5.1259     -0.0268      0.0000      0.0268    239.5921     32.1448    180.0000      0.1589     -0.0584     -0.0017
     32.8622    105.0494     28.6364      4.9811      5.1256     -0.0062      0.0000      0.0062    239.6041     32.1465    180.0000      0.1253     -0.0425     -0.0028
     32.5666    105.3671      1.3636      4.9933      5.1283     -0.4222      0.0000      0.4222    239.4907     32.1276    180.0000      0.8735      0.0285     -0.2346
     32.5940    105.3309      4.0909      4.9921      5.1281     -0.4495      0.0000      0.4495    239.5027     32.1293    180.0000      1.2912     -0.1126      0.2227
     32.6213    105.2946      6.8182      4.9910      5.1278     -0.7380      0.0000      0.7380    239.5146     32.1310    180.0000      0.0720     -0.1635      0.2528
     32.6486    105.2583      9.5455      4.9899      5.1276     -0.8964      0.0000      0.8964    239.5266     32.1328    180.0000     -0.7623     -0.2058      0.1661
     32.6759    105.2219     12.2727      4.9888      5.1273     -0.8138      0.0000      0.8138    239.5385     32.1345    180.0000     -0.7938     -0.1899      0.0944
     32.7031    105.1856     15.0000      4.9876      5.1271     -0.6067      0.0000      0.6067    239.5505     32.1362    180.0000     -0.5047     -0.1488      0.0429
     32.7304    105.1492     17.7273      4.9865      5.1268     -0.3825      0.0000      0.3825    239.5625     32.1379    180.0000     -0.1766     -0.1111      0.0168
     32.7577    105.1128     20.4545      4.9854      5.1266     -0.2054      0.0000      0.2054    239.5745     32.1396    180.0000      0.0463     -0.0820      0.0051
     32.7849    105.0764     23.1818      4.9843      5.1264     -0.0906      0.0000      0.0906    239.5864     32.1414    180.0000      0.1553     -0.0599     -0.0008
     32.8121    105.0400     25.9091      4.9831      5.1261     -0.0303      0.0000      0.0303    239.5984     32.1431    180.0000      0.1729     -0.0445     -0.0029
     32.8394    105.0035     28.6364      4.9820      5.1259     -0.0068      0.0000      0.0068    239.6104     32.1448    180.0000      0.1365     -0.0337     -0.0030
     32.5438    105.3212      1.3636      4.9942      5.1286     -0.8416      0.0000      0.8416    239.4971     32.1259    180.0000      0.8198     -0.1386     -0.2561
     32.5711    105.2850      4.0909      4.9931      5.1283     -0.8819      0.0000      0.8819    239.5090     32.1276    180.0000      1.1568     -0.2177      0.4890
     32.5985    105.2487      6.8182      4.9920      5.1281     -1.1293      0.0000      1.1293    239.5210     32.1293    180.0000     -0.3681     -0.3263      0.3122
     32.6258    105.2124      9.5455      4.9908      5.1278     -1.0995      0.0000      1.0995    239.5329     32.1311    180.0000     -0.7667     -0.3069      0.1564
     32.6530    105.1761     12.2727      4.9897      5.1276     -0.8830      0.0000      0.8830    239.5449     32.1328    180.0000     -0.5849     -0.2326      0.0712
     32.6803    105.1397     15.0000      4.9886      5.1273     -0.6126      0.0000      0.6126    239.5568     32.1345    180.0000     -0.2792     -0.1572      0.0262
     32.7076    105.1033     17.7273      4.9875      5.1271     -0.3730      0.0000      0.3730    239.5688     32.1362    180.0000     -0.0313     -0.1010      0.0077
     32.7348    105.0669     20.4545      4.9863      5.1268     -0.1957      0.0000      0.1957    239.5808     32.1379    180.0000      0.1295     -0.0644      0.0006
     32.7621    105.0305     23.1818      4.9852      5.1266     -0.0850      0.0000      0.0850    239.5928     32.1397    180.0000      0.1970     -0.0426     -0.0028
     32.7893    104.9941     25.9091      4.9841      5.1264     -0.0293      0.0000      0.0293    239.6047     32.1414    180.0000      0.1897     -0.0313     -0.0032
     32.8165    104.9576     28.6364      4.9830      5.1261     -0.0078      0.0000      0.0078    239.6167     32.1431    180.0000      0.1435     -0.0253     -0.0027
     32.5209    105.2755      1.3636      4.9880      5.1361     -1.6714      0.0000      1.6714    239.1443     32.0732    180.0000     -0.4110     -0.3627     -0.2424
     32.5482    105.2392      4.0909      4.9869      5.1358     -1.7631      0.0000      1.7631    239.1562     32.0749    180.0000     -1.1650     -0.3582      0.7238
     32.5755    105.2029      6.8182      4.9857      5.1356     -1.5785      0.0000      1.5785    239.1681     32.0765    180.0000     -0.9997     -0.4180      0.3736
     32.6028    105.1666      9.5455      4.9846      5.1354     -1.2367      0.0000      1.2367    239.1799     32.0782    180.0000     -0.5619     -0.3512      0.1648
     32.6301    105.1303     12.2727      4.9835      5.1351     -0.8786      0.0000      0.8786    239.1918     32.0799    180.0000     -0.2224     -0.2524      0.0631
     32.6574    105.0939     15.0000      4.9824      5.1349     -0.5662      0.0000      0.5662    239.2037     32.0816    180.0000      0.0167     -0.1625      0.0217
     32.6847    105.0575     17.7273      4.9813      5.1346     -0.3264      0.0000      0.3264    239.2157     32.0832    180.0000      0.1684     -0.0934      0.0051
     32.7119    105.0211     20.4545      4.9802      5.1344     -0.1662      0.0000      0.1662    239.2276     32.0849    180.0000      0.2349     -0.0490     -0.0019
     32.7392    104.9847     23.1818      4.9791      5.1342     -0.0731      0.0000      0.0731    239.2395     32.0866    180.0000      0.2409     -0.0271     -0.0033
     32.7664    104.9483     25.9091      4.9779      5.1339     -0.0293      0.0000      0.0293    239.2514     32.0883    180.0000      0.1990     -0.0197     -0.0029
     32.7936    104.9118     28.6364      4.9768      5.1337     -0.0115      0.0000      0.0115    239.2634     32.0900    180.0000      0.1413     -0.0183     -0.0021
     32.4972    105.2310      1.3636      4.8803      5.1908     -2.6254      0.0000      2.6254    236.2009     31.6953    180.0000     -1.9860     -0.0164     -0.3478
     32.5245    105.1948      4.0909      4.8793      5.1906     -2.5684      0.0000      2.5684    236.2124     31.6966    180.0000     -3.0842      0.1353      0.3796
     32.5518    105.1585      6.8182      4.8782      5.1904     -1.9618     -0.0259      1.9619    236.2239     31.6979    179.2424     -1.5424     -0.0812      0.0940
     32.5791    105.1222      9.5455      4.8772      5.1903     -1.3547     -0.0146      1.3548    236.2354     31.6992    179.3827     -0.5056     -0.0542     -0.0496
     32.6064    105.0858     12.2727      4.8762      5.1901     -0.8663     -0.0040      0.8663    236.2469     31.7006    179.7375      0.0268     -0.0252     -0.0827
     32.6337    105.0495     15.0000      4.8752      5.1899     -0.5103      0.0000      0.5103    236.2584     31.7019    180.0000      0.2687     -0.0082     -0.0760
     32.6609    105.0131     17.7273      4.8742      5.1897     -0.2739      0.0000      0.2739    236.2700     31.7032    180.0000      0.3496     -0.0000     -0.0574
     32.6882    104.9767     20.4545      4.8731      5.1895     -0.1349      0.0000      0.1349    236.2815     31.7046    180.0000      0.3351      0.0100     -0.0397
     32.7154    104.9403     23.1818      4.8721      5.1893     -0.0657      0.0000      0.0657    236.2930     31.7059    180.0000      0.2701      0.0118     -0.0256
     32.7427    104.9038     25.9091      4.8711      5.1891     -0.0366      0.0000      0.0366    236.3046     31.7072    180.0000      0.1889      0.0049     -0.0160
     32.7699    104.8674     28.6364      4.8701      5.1889     -0.0206      0.0000      0.0206    236.3161     31.7086    180.0000      0.1267     -0.0035     -0.0101
     32.4724    105.1880      1.3636      4.8823      5.2080     -3.2778     -0.1522      3.2813    235.1752     31.5790    177.3416     -2.7856      0.0122     -0.0012
     32.4997    105.1518      4.0909      4.8813      5.2078     -2.9424     -0.1456      2.9460    235.1866     31.5802    177.1674     -3.0656     -0.1659     -0.1427
     32.5271    105.1155      6.8182      4.8803      5.2076     -2.1827     -0.1337      2.1868    235.1980     31.5814    176.4956     -1.6484     -0.2798     -0.2507
     32.5544    105.0792      9.5455      4.8793      5.2074     -1.4365     -0.0862      1.4391    235.2094     31.5826    176.5662     -0.4670     -0.1741     -0.2541
     32.5816    105.0429     12.2727      4.8783      5.2072     -0.8617     -0.0409      0.8626    235.2208     31.5838    177.2813      0.1649     -0.0468     -0.2023
     32.6089    105.0065     15.0000      4.8773      5.2071     -0.4661     -0.0134      0.4663    235.2322     31.5851    178.3589      0.4403      0.0349     -0.1433
     32.6362    104.9701     17.7273      4.8763      5.2069     -0.2337     -0.0019      0.2337    235.2436     31.5863    179.5453      0.4665      0.0676     -0.0928
     32.6634    104.9337     20.4545      4.8753      5.2067     -0.1158      0.0000      0.1158    235.2550     31.5875    180.0000      0.3892      0.0633     -0.0587
     32.6907    104.8973     23.1818      4.8743      5.2065     -0.0703      0.0000      0.0703    235.2664     31.5887    180.0000      0.2634      0.0511     -0.0383
     32.7179    104.8609     25.9091      4.8733      5.2063     -0.0550     -0.0000      0.0550    235.2778     31.5899    179.9727      0.1489      0.0344     -0.0260
     32.7451    104.8244     28.6364      4.8723      5.2062     -0.0369      0.0000      0.0369    235.2893     31.5911    180.0000      0.0934      0.0165     -0.0175
     32.4481    105.1419      1.3636      5.3448      5.1069     -3.5383      0.0000      3.5383    240.6005     32.2789    180.0000     -2.9625     -0.3703     -0.0410
     32.4754    105.1056      4.0909      5.3435      5.1066     -3.0440      0.0000      3.0440    240.6126     32.2808    180.0000     -2.8379     -0.3454      0.2199
     32.5027    105.0693      6.8182      5.3423      5.1063     -2.2612      0.0000      2.2612    240.6247     32.2826    180.0000     -1.7445     -0.2518      0.1780
     32.5300    105.0330      9.5455      5.3411      5.1061     -1.4678      0.0000      1.4678    240.6368     32.2845    180.0000     -0.6108     -0.1566      0.1072
     32.5573    104.9967     12.2727      5.3398      5.1058     -0.8452      0.0000      0.8452    240.6489     32.2863    180.0000      0.1092     -0.0691      0.0532
     32.5846    104.9603     15.0000      5.3386      5.1055     -0.4340      0.0000      0.4340    240.6610     32.2882    180.0000      0.4270      0.0054      0.0266
     32.6118    104.9240     17.7273      5.3374      5.1053     -0.2075      0.0000      0.2075    240.6731     32.2901    180.0000      0.4774      0.0559      0.0134
     32.6391    104.8876     20.4545      5.3362      5.1050     -0.1128      0.0000      0.1128    240.6852     32.2920    180.0000      0.3697      0.0716      0.0078
     32.6663    104.8511     23.1818      5.3349      5.1048     -0.0908      0.0000      0.0908    240.6973     32.2938    180.0000      0.2051      0.0556      0.0080
     32.6936    104.8147     25.9091      5.3337      5.1045     -0.0848      0.0000      0.0848    240.7095     32.2957    180.0000      0.0802      0.0268      0.0087
     32.7208    104.7782     28.6364      5.3325      5.1042     -0.0596      0.0000      0.0596    240.7216     32.2976    180.0000      0.0441      0.0064      0.0072
     32.4254    105.0963      1.3636      4.5806      5.1542     -3.3997     -0.0054      3.3997    238.3033     31.9472    179.9091     -1.9283      0.1473     -0.0651
     32.4528    105.0601      4.0909      4.5796      5.1540     -2.9060     -0.0329      2.9062    238.3150     31.9488    179.3517     -2.0957     -0.1342     -0.1855
     32.4801    105.0238      6.8182      4.5786      5.1537     -2.1247     -0.0497      2.1252    238.3268     31.9503    178.6592     -1.1775     -0.1866     -0.1364
     32.5074    104.9875      9.5455      4.5776      5.1535     -1.3627     -0.0571      1.3639    238.3385     31.9519    177.6014     -0.3305     -0.1357     -0.1011
     32.5347    104.9511     12.2727      4.5766      5.1533     -0.7647     -0.0528      0.7665    238.3503     31.9535    176.0470      0.2292     -0.0356     -0.0746
     32.5619    104.9148     15.0000      4.5756      5.1531     -0.3796     -0.0448      0.3823    238.3620     31.9550    173.2654      0.4709      0.0486     -0.0509
     32.5892    104.8784     17.7273      4.5746      5.1528     -0.1859     -0.0353      0.1893    238.3738     31.9566    169.2626      0.4551      0.0978     -0.0342
     32.6165    104.8420     20.4545      4.5736      5.1526     -0.1283     -0.0233      0.1304    238.3856     31.9582    169.6864      0.2763      0.1152     -0.0190
     32.6437    104.8056     23.1818      4.5726      5.1524     -0.1304     -0.0103      0.1309    238.3974     31.9598    175.4692      0.0747      0.1122     -0.0076
     32.6709    104.7691     25.9091      4.5716      5.1521     -0.1292     -0.0010      0.1292    238.4091     31.9613    179.5589     -0.0467      0.0891     -0.0010
     32.6982    104.7327     28.6364      4.5706      5.1519     -0.0875      0.0000      0.0875    238.4209     31.9629    180.0000     -0.0272      0.0391      0.0016
     32.4015    105.0521      1.3636      5.2780      5.1890     -3.3500      0.0000      3.3500    236.4097     31.7076    180.0000     -1.7872      0.1826     -0.1349
     32.4288    105.0159      4.0909      5.2769      5.1888     -2.7506      0.0000      2.7506    236.4212     31.7090    180.0000     -1.4522      0.2181     -0.1863
     32.4561    104.9796      6.8182      5.2758      5.1886     -1.9475     -0.0479      1.9481    236.4327     31.7103    178.5915     -0.5850      0.0535     -0.1584
     32.4834    104.9433      9.5455      5.2747      5.1884     -1.2172     -0.0907      1.2206    236.4442     31.7117    175.7407     -0.0004     -0.0367     -0.1318
     32.5107    104.9070     12.2727      5.2736      5.1882     -0.6540     -0.1041      0.6623    236.4557     31.7130    170.9521      0.4062      0.0123     -0.1003
     32.5380    104.8706     15.0000      5.2725      5.1880     -0.3070     -0.1036      0.3241    236.4673     31.7144    161.3470      0.5641      0.0557     -0.0732
     32.5652    104.8342     17.7273      5.2714      5.1878     -0.1631     -0.0905      0.1865    236.4788     31.7157    150.9807      0.4520      0.0767     -0.0473
     32.5925    104.7978     20.4545      5.2703      5.1876     -0.1479     -0.0638      0.1611    236.4903     31.7171    156.6658      0.1950      0.1002     -0.0287
     32.6197    104.7614     23.1818      5.2692      5.1874     -0.1729     -0.0323      0.1759    236.5018     31.7184    169.4362     -0.0424      0.1251     -0.0151
     32.6470    104.7250     25.9091      5.2681      5.1872     -0.1732     -0.0082      0.1734    236.5134     31.7198    177.2890     -0.1596      0.1282     -0.0068
     32.6742    104.6885     28.6364      5.2670      5.1870     -0.1149      0.0000      0.1149    236.5249     31.7211    180.0000     -0.0957      0.0859     -0.0026
     32.3765    105.0090      1.3636      4.5553      5.2182     -3.3480     -0.0296      3.3481    234.6241     31.5098    179.4939     -1.4487      0.2076     -0.2344
     32.4038    104.9727      4.0909      4.5544      5.2181     -2.7094     -0.0342      2.7096    234.6354     31.5109    179.2760     -1.3796      0.4169     -0.0839
     32.4311    104.9364      6.8182      4.5535      5.2179     -1.8360     -0.1109      1.8393    234.6467     31.5121    176.5442     -0.3484      0.1176     -0.1169
     32.4584    104.9001      9.5455      4.5526      5.2177     -1.0549     -0.1715      1.0687    234.6580     31.5132    170.7642      0.3960     -0.0392     -0.1243
     32.4857    104.8638     12.2727      4.5517      5.2175     -0.4996     -0.2030      0.5393    234.6693     31.5144    157.8919      0.7814     -0.0754     -0.1067
     32.5130    104.8274     15.0000      4.5507      5.2174     -0.2126     -0.2083      0.2976    234.6807     31.5155    135.5911      0.7583     -0.0966     -0.0813
     32.5402    104.7911     17.7273      4.5498      5.2172     -0.1373     -0.1792      0.2258    234.6920     31.5167    127.4574      0.4650     -0.0663     -0.0548
     32.5675    104.7547     20.4545      4.5489      5.2170     -0.1677     -0.1237      0.2084    234.7033     31.5179    143.5964      0.1179      0.0162     -0.0345
     32.5947    104.7182     23.1818      4.5480      5.2168     -0.2112     -0.0662      0.2214    234.7147     31.5190    162.6042     -0.1375      0.0930     -0.0191
     32.6220    104.6818     25.9091      4.5471      5.2167     -0.2072     -0.0244      0.2087    234.7260     31.5202    173.2943     -0.2276      0.1304     -0.0082
     32.6492    104.6453     28.6364      4.5462      5.2165     -0.1340     -0.0044      0.1341    234.7374     31.5213    178.1016     -0.1287      0.1175     -0.0041
     32.3501    104.9675      1.3636      5.2035      5.2584     -3.5567     -0.2557      3.5659    231.6678     31.2417    175.8881     -2.2297      0.6265     -0.0158
     32.3774    104.9312      4.0909      5.2025      5.2583     -2.7214     -0.2561      2.7334    231.6788     31.2425    174.6235     -0.9989      0.2959     -0.5928
     32.4047    104.8949      6.8182      5.2016      5.2582     -1.7601     -0.2880      1.7835    231.6899     31.2434    170.7089     -0.0119      0.0306     -0.4669
     32.4320    104.8586      9.5455      5.2006      5.2580     -0.9011     -0.3157      0.9547    231.7010     31.2442    160.6934      0.8858     -0.0803     -0.3076
     32.4593    104.8223     12.2727      5.1996      5.2579     -0.3475     -0.3349      0.4826    231.7120     31.2451    136.0609      1.2003     -0.1899     -0.1891
     32.4866    104.7859     15.0000      5.1987      5.2578     -0.1208     -0.3241      0.3459    231.7231     31.2460    110.4451      0.9608     -0.2649     -0.1159
     32.5138    104.7496     17.7273      5.1977      5.2576     -0.1103     -0.2661      0.2881    231.7342     31.2468    112.5050      0.4901     -0.2146     -0.0809
     32.5411    104.7132     20.4545      5.1967      5.2575     -0.1817     -0.1791      0.2551    231.7453     31.2477    135.4108      0.0584     -0.0756     -0.0685
     32.5684    104.6767     23.1818      5.1958      5.2574     -0.2400     -0.1009      0.2604    231.7564     31.2486    157.1960     -0.2086      0.0370     -0.0608
     32.5956    104.6403     25.9091      5.1948      5.2572     -0.2324     -0.0499      0.2377    231.7674     31.2494    167.8877     -0.2758      0.0809     -0.0492
     32.6228    104.6038     28.6364      5.1938      5.2571     -0.1476     -0.0201      0.1490    231.7785     31.2503    172.2537     -0.1457      0.0909     -0.0340
     32.3251    104.9224      1.3636      4.9643      5.0747     -3.6377      0.0000      3.6377    242.1087     32.5083    180.0000     -1.3289     -0.9504     -0.5371
     32.3524    104.8862      4.0909      4.9631      5.0745     -2.8619      0.0000      2.8619    242.1210     32.5103    180.0000     -1.5485      0.3951      1.1953
     32.3797    104.8499      6.8182      4.9620      5.0742     -1.7971     -0.1263      1.8015    242.1333     32.5124    175.9796     -0.1606      0.4172      0.9728
     32.4070    104.8136      9.5455      4.9608      5.0739     -0.8610     -0.2988      0.9114    242.1456     32.5145    160.8610      0.9943     -0.0818      0.5419
     32.4343    104.7772     12.2727      4.9596      5.0736     -0.3159     -0.3951      0.5059    242.1579     32.5165    128.6411      1.2644     -0.4557      0.2376
     32.4616    104.7409     15.0000      4.9584      5.0733     -0.1296     -0.3641      0.3865    242.1702     32.5186    109.5905      0.9294     -0.4530      0.0955
     32.4889    104.7045     17.7273      4.9573      5.0730     -0.1443     -0.2457      0.2849    242.1825     32.5207    120.4216      0.4307     -0.1975      0.0615
     32.5161    104.6681     20.4545      4.9561      5.0727     -0.2172     -0.1140      0.2453    242.1949     32.5228    152.3002      0.0245      0.0812      0.0774
     32.5434    104.6317     23.1818      4.9549      5.0724     -0.2631     -0.0248      0.2642    242.2072     32.5249    174.6052     -0.2080      0.2229      0.0942
     32.5706    104.5952     25.9091      4.9538      5.0721     -0.2419      0.0000      0.2419    242.2196     32.5270    180.0000     -0.2553      0.1438      0.0905
     32.5978    104.5588     28.6364      4.9526      5.0719     -0.1489      0.0000      0.1489    242.2319     32.5290    180.0000     -0.1250      0.0673      0.0629
     32.2993    104.8802      1.3636      4.9236      5.3065     -3.7522     -1.4293      4.0152    226.1260     30.9272    159.1476     -0.2328     -1.0377      0.6624
     32.3266    104.8439      4.0909      4.9229      5.3064     -3.0345     -1.2500      3.2819    226.1368     30.9276    157.6123     -2.1158     -0.9239      0.0180
     32.3539    104.8076      6.8182      4.9221      5.3064     -1.7953     -1.0030      2.0565    226.1476     30.9280    150.8087     -0.3286     -0.5981     -0.2376
     32.3812    104.7713      9.5455      4.9213      5.3063     -0.7625     -0.7875      1.0961    226.1585     30.9283    134.0745      1.0150     -0.5038     -0.2581
     32.4085    104.7350     12.2727      4.9206      5.3063     -0.2078     -0.5901      0.6256    226.1693     30.9287    109.3990      1.2945     -0.4103     -0.2041
     32.4358    104.6987     15.0000      4.9198      5.3062     -0.0534     -0.3971      0.4007    226.1801     30.9291     97.6576      0.9173     -0.1860     -0.1511
     32.4631    104.6623     17.7273      4.9190      5.3062     -0.1049     -0.2323      0.2549    226.1910     30.9295    114.3036      0.3821      0.0527     -0.1185
     32.4903    104.6259     20.4545      4.9183      5.3061     -0.2011     -0.1199      0.2342    226.2018     30.9298    149.1955     -0.0334      0.1899     -0.0987
     32.5176    104.5895     23.1818      4.9175      5.3060     -0.2554     -0.0606      0.2625    226.2127     30.9302    166.6430     -0.2577      0.2064     -0.0861
     32.5448    104.5530     25.9091      4.9167      5.3060     -0.2358     -0.0360      0.2385    226.2236     30.9306    171.3141     -0.2863      0.1508     -0.0621
     32.5720    104.5166     28.6364      4.9160      5.3059     -0.1434     -0.0190      0.1447    226.2344     30.9310    172.4573     -0.1437      0.1159     -0.0388
     32.2679    104.8438      1.3636      4.8529      5.3182     -4.6604     -2.2308      5.1668    222.6691     30.8518    154.4207     -3.9080     -1.7535      1.3989
     32.2952    104.8076      4.0909      4.8523      5.3182     -3.4071     -1.9414      3.9214    222.6800     30.8518    150.3246     -2.5085     -1.7121      0.0263
     32.3225    104.7713      6.8182      4.8516      5.3182     -1.9785     -1.4678      2.4635    222.6908     30.8519    143.4279     -0.5268     -1.0578     -0.3786
     32.3498    104.7350      9.5455      4.8509      5.3182     -0.8491     -0.9770      1.2944    222.7017     30.8520    130.9953      0.8791     -0.4095     -0.3862
     32.3771    104.6986     12.2727      4.8503      5.3182     -0.2419     -0.5694      0.6186    222.7125     30.8521    113.0156      1.2375      0.0914     -0.2895
     32.4044    104.6623     15.0000      4.8496      5.3181     -0.0614     -0.2909      0.2973    222.7234     30.8522    101.9124      0.9143      0.3608     -0.1990
     32.4317    104.6259     17.7273      4.8489      5.3181     -0.0990     -0.1322      0.1652    222.7343     30.8523    126.8239      0.4039      0.4372     -0.1433
     32.4589    104.5895     20.4545      4.8483      5.3181     -0.1869     -0.0657      0.1981    222.7451     30.8523    160.6291      0.0004      0.3553     -0.1098
     32.4862    104.5531     23.1818      4.8476      5.3181     -0.2379     -0.0424      0.2416    222.7560     30.8524    169.8998     -0.2127      0.2461     -0.0871
     32.5134    104.5167     25.9091      4.8469      5.3181     -0.2232     -0.0303      0.2252    222.7669     30.8525    172.2813     -0.2540      0.1739     -0.0668
     32.5406    104.4802     28.6364      4.8463      5.3181     -0.1385     -0.0160      0.1394    222.7778     30.8526    173.3936     -0.1277      0.1457     -0.0455
     32.2374    104.8057      1.3636      5.0376      5.2737     -5.1985     -2.1919      5.6417    230.4942     31.1411    157.1377     -3.2276     -3.5075      0.6895
     32.2648    104.7694      4.0909      5.0367      5.2736     -3.9927     -1.9025      4.4227    230.5052     31.1418    154.5227     -3.7559     -1.8772      1.6767
     32.2921    104.7331      6.8182      5.0358      5.2735     -2.3757     -1.4085      2.7618    230.5161     31.1426    149.3372     -1.1516     -0.8748      0.7746
     32.3194    104.6968      9.5455      5.0349      5.2733     -1.0762     -0.8306      1.3594    230.5271     31.1433    142.3398      0.6598      0.1784      0.2476
     32.3467    104.6605     12.2727      5.0340      5.2732     -0.3597     -0.3711      0.5168    230.5381     31.1441    134.1093      1.1938      0.8232      0.0222
     32.3739    104.6242     15.0000      5.0331      5.2731     -0.1080     -0.1104      0.1545    230.5490     31.1449    134.3691      0.9683      0.9207     -0.0407
     32.4012    104.5878     17.7273      5.0322      5.2730     -0.0999     -0.0051      0.1001    230.5600     31.1456    177.0790      0.5143      0.7453     -0.0319
     32.4285    104.5514     20.4545      5.0313      5.2729     -0.1651      0.0000      0.1651    230.5710     31.1464    180.0000      0.1235      0.3833      0.0001
     32.4557    104.5150     23.1818      5.0304      5.2728     -0.2124      0.0000      0.2124    230.5820     31.1471    180.0000     -0.1119      0.2338      0.0262
     32.4830    104.4785     25.9091      5.0295      5.2727     -0.2028      0.0000      0.2028    230.5930     31.1479    180.0000     -0.1847      0.1645      0.0338
     32.5102    104.4421     28.6364      5.0286      5.2725     -0.1275      0.0000      0.1275    230.6040     31.1486    180.0000     -0.0927      0.1321      0.0230
     32.2056    104.7707      1.3636      4.7183      5.2915     -4.9860     -4.1955      6.5163    214.7625     31.0249    139.9211     -4.0331     -4.2903      3.7206
     32.2329    104.7345      4.0909      4.7178      5.2916     -3.8005     -3.5391      5.1932    214.7739     31.0242    137.0397     -4.4506     -4.5934     -0.3366
     32.2602    104.6982      6.8182      4.7174      5.2917     -2.2387     -2.3782      3.2662    214.7853     31.0236    133.2687     -1.7914     -2.3850     -1.0786
     32.2875    104.6619      9.5455      4.7169      5.2917     -1.0171     -1.2206      1.5888    214.7966     31.0230    129.8025      0.1154     -0.0237     -0.8809
     32.3148    104.6256     12.2727      4.7165      5.2918     -0.3587     -0.4228      0.5545    214.8080     31.0224    130.3115      0.7137      1.2843     -0.5676
     32.3421    104.5892     15.0000      4.7160      5.2919     -0.1169     -0.0656      0.1341    214.8194     31.0218    150.6983      0.6387      1.3623     -0.3501
     32.3694    104.5528     17.7273      4.7156      5.2920     -0.0896      0.0000      0.0896    214.8308     31.0212    180.0000      0.3583      0.8193     -0.2314
     32.3966    104.5164     20.4545      4.7151      5.2921     -0.1363     -0.0086      0.1365    214.8422     31.0206    176.4072      0.0805      0.4727     -0.1721
     32.4239    104.4800     23.1818      4.7146      5.2922     -0.1800     -0.0289      0.1823    214.8535     31.0200    170.8895     -0.1171      0.2506     -0.1374
     32.4511    104.4436     25.9091      4.7142      5.2923     -0.1763     -0.0333      0.1794    214.8649     31.0194    169.3165     -0.1838      0.1569     -0.1055
     32.4783    104.4071     28.6364      4.7137      5.2924     -0.1131     -0.0208      0.1150    214.8763     31.0188    169.5838     -0.1061      0.1438     -0.0714
     32.1706    104.7390      1.3636      5.0992      5.3197     -5.5120     -3.5019      6.5303    220.1735     30.8422    147.5710     -7.3429     -4.0919      2.7079
     32.1980    104.7027      4.0909      5.0986      5.3197     -3.9947     -3.0787      5.0434    220.1845     30.8421    142.3787     -3.9390     -3.6876      0.4933
     32.2253    104.6664      6.8182      5.0980      5.3197     -2.3929     -2.1314      3.2045    220.1954     30.8419    138.3087     -1.2443     -1.6949     -0.3380
     32.2526    104.6301      9.5455      5.0973      5.3197     -1.1322     -1.1177      1.5910    220.2063     30.8418    135.3716      0.5025      0.2869     -0.4453
     32.2799    104.5938     12.2727      5.0967      5.3198     -0.4141     -0.3784      0.5610    220.2173     30.8417    137.5765      1.0217      1.4371     -0.3434
     32.3071    104.5574     15.0000      5.0961      5.3198     -0.1259     -0.0385      0.1316    220.2282     30.8416    163.0042      0.8526      1.4666     -0.2282
     32.3344    104.5211     17.7273      5.0954      5.3198     -0.0710      0.0000      0.0710    220.2392     30.8414    180.0000      0.5094      0.7360     -0.1440
     32.3617    104.4847     20.4545      5.0948      5.3198     -0.1077      0.0000      0.1077    220.2501     30.8413    180.0000      0.1873      0.4261     -0.0890
     32.3889    104.4483     23.1818      5.0942      5.3198     -0.1512      0.0000      0.1512    220.2611     30.8412    180.0000     -0.0370      0.3133     -0.0537
     32.4161    104.4118     25.9091      5.0935      5.3199     -0.1548      0.0000      0.1548    220.2720     30.8411    180.0000     -0.1270      0.2519     -0.0332
     32.4434    104.3754     28.6364      5.0929      5.3199     -0.1023      0.0000      0.1023    220.2830     30.8409    180.0000     -0.0684      0.2031     -0.0221
     32.1364    104.7036      1.3636      5.0228      5.3217     -4.5267     -2.4610      5.1525    222.2442     30.8291    151.4691     -4.6032     -1.7763      1.6265
     32.1637    104.6673      4.0909      5.0222      5.3217     -3.5936     -2.3272      4.2814    222.2551     30.8291    147.0739     -3.4994     -2.1267      0.0320
     32.1910    104.6310      6.8182      5.0215      5.3217     -2.2475     -1.7447      2.8452    222.2659     30.8292    142.1792     -1.2733     -1.2237     -0.4429
     32.2183    104.5947      9.5455      5.0208      5.3217     -1.1061     -1.0024      1.4927    222.2767     30.8292    137.8156      0.3586      0.0982     -0.4296
     32.2456    104.5584     12.2727      5.0201      5.3217     -0.4172     -0.3913      0.5720    222.2876     30.8293    136.8339      0.9573      1.0673     -0.3080
     32.2729    104.5221     15.0000      5.0195      5.3217     -0.1213     -0.0668      0.1385    222.2984     30.8293    151.1460      0.8716      1.2541     -0.2006
     32.3002    104.4857     17.7273      5.0188      5.3217     -0.0553      0.0000      0.0553    222.3093     30.8294    180.0000      0.5525      0.7613     -0.1260
     32.3274    104.4493     20.4545      5.0181      5.3217     -0.0839      0.0000      0.0839    222.3202     30.8294    180.0000      0.2382      0.4252     -0.0758
     32.3547    104.4129     23.1818      5.0174      5.3217     -0.1240      0.0000      0.1240    222.3310     30.8295    180.0000      0.0079      0.2957     -0.0444
     32.3819    104.3764     25.9091      5.0168      5.3217     -0.1312      0.0000      0.1312    222.3419     30.8295    180.0000     -0.0956      0.2290     -0.0253
     32.4091    104.3400     28.6364      5.0161      5.3217     -0.0875      0.0000      0.0875    222.3527     30.8296    180.0000     -0.0517      0.1903     -0.0160
     32.1036    104.6702      1.3636      4.6121      5.3192     -3.2346     -1.7006      3.6544    219.2676     30.8451    152.2662     -2.6719     -0.0827      0.7329
     32.1309    104.6339      4.0909      4.6115      5.3193     -2.6655     -1.7789      3.2046    219.2785     30.8449    146.2819     -1.9837     -1.2899     -0.8568
     32.1582    104.5976      6.8182      4.6110      5.3193     -1.7078     -1.4300      2.2274    219.2895     30.8447    140.0578     -0.6122     -0.8949     -0.8523
     32.1855    104.5613      9.5455      4.6104      5.3193     -0.8653     -0.8816      1.2353    219.3005     30.8445    134.4654      0.4542      0.1075     -0.5965
     32.2128    104.5250     12.2727      4.6099      5.3194     -0.3366     -0.3864      0.5124    219.3114     30.8443    131.0618      0.8703      0.9061     -0.3856
     32.2401    104.4886     15.0000      4.6093      5.3194     -0.0996     -0.0909      0.1348    219.3224     30.8441    137.6177      0.7831      1.1393     -0.2451
     32.2674    104.4523     17.7273      4.6088      5.3194     -0.0433      0.0000      0.0433    219.3334     30.8439    180.0000      0.5050      0.8474     -0.1553
     32.2946    104.4159     20.4545      4.6082      5.3194     -0.0634     -0.0000      0.0634    219.3444     30.8437    179.9867      0.2364      0.4819     -0.0999
     32.3219    104.3794     23.1818      4.6077      5.3195     -0.0936      0.0000      0.0936    219.3554     30.8435    180.0000      0.0467      0.3415     -0.0654
     32.3491    104.3430     25.9091      4.6071      5.3195     -0.1004      0.0000      0.1004    219.3664     30.8433    180.0000     -0.0476      0.2671     -0.0428
     32.3763    104.3065     28.6364      4.6066      5.3195     -0.0681      0.0000      0.0681    219.3774     30.8431    180.0000     -0.0273      0.2198     -0.0288
     32.0697    104.6403      1.3636      4.8117      5.2906     -1.9841     -0.9267      2.1899    214.2407     31.0303    154.9639     -0.8459      2.0538     -1.0344
     32.0970    104.6041      4.0909      4.8112      5.2907     -1.4904     -1.1644      1.8914    214.2521     31.0297    142.0007      0.5721     -0.2315     -1.6538
     32.1243    104.5678      6.8182      4.8108      5.2908     -0.9574     -0.9772      1.3681    214.2635     31.0290    134.4154      0.8028      0.2744     -0.9928
     32.1516    104.5315      9.5455      4.8103      5.2909     -0.4972     -0.6258      0.7993    214.2749     31.0283    128.4695      1.0152      0.9158     -0.6487
     32.1789    104.4951     12.2727      4.8099      5.2910     -0.1989     -0.2958      0.3565    214.2863     31.0277    123.9134      0.9807      1.2640     -0.4394
     32.2061    104.4588     15.0000      4.8094      5.2911     -0.0627     -0.0866      0.1069    214.2977     31.0270    125.8953      0.7385      1.2479     -0.2905
     32.2334    104.4224     17.7273      4.8090      5.2912     -0.0288     -0.0030      0.0289    214.3091     31.0264    174.1219      0.4616      0.9759     -0.1954
     32.2607    104.3860     20.4545      4.8085      5.2913     -0.0396      0.0000      0.0396    214.3205     31.0257    180.0000      0.2539      0.5919     -0.1331
     32.2879    104.3496     23.1818      4.8081      5.2914     -0.0568      0.0000      0.0568    214.3319     31.0251    180.0000      0.1245      0.4132     -0.0923
     32.3152    104.3132     25.9091      4.8076      5.2915     -0.0608      0.0000      0.0608    214.3434     31.0244    180.0000      0.0524      0.3146     -0.0650
     32.3424    104.2767     28.6364      4.8072      5.2916     -0.0422      0.0000      0.0422    214.3548     31.0238    180.0000      0.0360      0.2517     -0.0445
