     lat_deg     lon_deg    depth_km   length_km    width_km  slp_strk_m  slp_ddip_m    slp_am_m  strike_deg     dip_deg    rake_deg sig_stk_MPa sig_ddi_MPa sig_nrm_MPa
     32.0115    104.5945      1.3636      4.9134      5.1614     -1.3299     -3.5720      3.8115    205.0075     31.8975    110.4216      4.2722     -3.2057      1.6470
     32.0389    104.5582      4.0909      4.9132      5.1616     -1.1910     -2.7553      3.0017    205.0203     31.8957    113.3765     -0.0586     -1.7040      0.8656
     32.0662    104.5219      6.8182      4.9129      5.1619     -0.8291     -2.0518      2.2130    205.0332     31.8940    112.0033     -0.3295     -0.7937     -0.2601
     32.0935    104.4856      9.5455      4.9126      5.1621     -0.4785     -1.4376      1.5151    205.0460     31.8923    108.4087     -0.1118     -0.2436     -0.5919
     32.1208    104.4493     12.2727      4.9124      5.1624     -0.2458     -0.9160      0.9484    205.0588     31.8906    105.0202     -0.0147      0.1856     -0.5729
     32.1480    104.4129     15.0000      4.9121      5.1626     -0.1308     -0.5135      0.5299    205.0716     31.8889    104.2880     -0.0193      0.5023     -0.4477
     32.1753    104.3765     17.7273      4.9119      5.1629     -0.0958     -0.2384      0.2569    205.0844     31.8872    111.8923     -0.0612      0.6724     -0.3201
     32.2026    104.3401     20.4545      4.9116      5.1631     -0.0991     -0.0807      0.1278    205.0972     31.8855    140.8629     -0.1013      0.6970     -0.2226
     32.2298    104.3037     23.1818      4.9114      5.1634     -0.1092     -0.0137      0.1101    205.1100     31.8838    172.8762     -0.1348      0.5967     -0.1561
     32.2570    104.2673     25.9091      4.9111      5.1636     -0.1008     -0.0000      0.1008    205.1228     31.8821    179.9992     -0.1376      0.4212     -0.1097
     32.2843    104.2308     28.6364      4.9108      5.1639     -0.0625      0.0000      0.0625    205.1357     31.8803    180.0000     -0.0747      0.2851     -0.0752
     31.9702    104.5700      1.3636      5.3776      5.2192     -3.1657     -5.5289      6.3710    208.2288     31.5029    119.7947     -1.0572     -5.4544      3.1005
     31.9975    104.5337      4.0909      5.3772      5.2194     -2.4228     -4.8310      5.4045    208.2410     31.5016    116.6344     -2.3848     -5.1466      1.4167
     32.0248    104.4974      6.8182      5.3769      5.2196     -1.5879     -3.7595      4.0810    208.2532     31.5003    112.8978     -1.6845     -3.5363     -0.0120
     32.0521    104.4611      9.5455      5.3765      5.2198     -0.9165     -2.6551      2.8088    208.2654     31.4990    109.0432     -0.8947     -1.9493     -0.5197
     32.0794    104.4248     12.2727      5.3762      5.2200     -0.4733     -1.6828      1.7481    208.2776     31.4978    105.7086     -0.3571     -0.6173     -0.5730
     32.1067    104.3884     15.0000      5.3758      5.2202     -0.2440     -0.9249      0.9566    208.2899     31.4965    104.7795     -0.1157      0.3584     -0.4700
     32.1340    104.3521     17.7273      5.3755      5.2204     -0.1679     -0.4190      0.4514    208.3021     31.4952    111.8354     -0.1032      0.8591     -0.3379
     32.1612    104.3157     20.4545      5.3751      5.2206     -0.1659     -0.1306      0.2111    208.3143     31.4939    141.7740     -0.1829      1.0028     -0.2352
     32.1885    104.2792     23.1818      5.3748      5.2208     -0.1788     -0.0125      0.1793    208.3265     31.4926    175.9977     -0.2708      0.8558     -0.1626
     32.2157    104.2428     25.9091      5.3744      5.2210     -0.1651      0.0000      0.1651    208.3388     31.4913    180.0000     -0.2866      0.5197     -0.1108
     32.2429    104.2063     28.6364      5.3741      5.2212     -0.1046      0.0000      0.1046    208.3510     31.4900    180.0000     -0.1695      0.3420     -0.0737
     31.9310    104.5411      1.3636      4.9303      5.3095     -4.8766     -6.0447      7.7666    216.2260     30.9082    128.8952     -4.9249     -5.0249      3.9192
     31.9583    104.5048      4.0909      4.9298      5.3095     -3.6308     -5.5985      6.6728    216.2371     30.9077    122.9645     -3.2664     -5.5762      1.0955
     31.9856    104.4685      6.8182      4.9293      5.3096     -2.3757     -4.5723      5.1527    216.2483     30.9073    117.4559     -1.7190     -4.1872     -0.1528
     32.0129    104.4322      9.5455      4.9288      5.3097     -1.3967     -3.3030      3.5862    216.2595     30.9068    112.9210     -0.6377     -2.2780     -0.5413
     32.0402    104.3959     12.2727      4.9283      5.3097     -0.7347     -2.0844      2.2101    216.2707     30.9063    109.4172      0.0494     -0.4628     -0.5515
     32.0675    104.3595     15.0000      4.9278      5.3098     -0.3744     -1.1179      1.1789    216.2818     30.9059    108.5162      0.2973      0.7743     -0.4386
     32.0948    104.3232     17.7273      4.9272      5.3099     -0.2297     -0.4768      0.5292    216.2930     30.9054    115.7241      0.2551      1.3294     -0.3116
     32.1220    104.2868     20.4545      4.9267      5.3100     -0.1970     -0.1324      0.2374    216.3042     30.9049    146.0805      0.1003      1.3481     -0.2160
     32.1493    104.2503     23.1818      4.9262      5.3100     -0.1952     -0.0091      0.1954    216.3154     30.9045    177.3364     -0.0521      1.0159     -0.1473
     32.1765    104.2139     25.9091      4.9257      5.3101     -0.1754      0.0000      0.1754    216.3265     30.9040    180.0000     -0.1260      0.5884     -0.0973
     32.2037    104.1774     28.6364      4.9252      5.3102     -0.1118      0.0000      0.1118    216.3377     30.9036    180.0000     -0.0629      0.3900     -0.0618
     31.8996    104.5052      1.3636      4.8877      5.2630     -6.1098     -5.0925      7.9538    232.0290     31.2112    140.1894     -5.2403     -4.4460      2.3985
     31.9269    104.4690      4.0909      4.8868      5.2629     -4.7802     -4.8697      6.8239    232.0399     31.2121    134.4687     -3.4275     -4.1921      1.8386
     31.9542    104.4327      6.8182      4.8859      5.2628     -3.3243     -4.1291      5.3010    232.0509     31.2130    128.8370     -1.6543     -3.1971      0.7444
     31.9815    104.3964      9.5455      4.8850      5.2626     -2.0441     -3.0499      3.6716    232.0619     31.2139    123.8312     -0.1364     -1.6427      0.1444
     32.0088    104.3600     12.2727      4.8841      5.2625     -1.1299     -1.9372      2.2426    232.0729     31.2148    120.2528      0.7118     -0.0850     -0.0831
     32.0361    104.3237     15.0000      4.8832      5.2624     -0.5888     -1.0161      1.1744    232.0839     31.2157    120.0919      0.9460      1.0123     -0.1161
     32.0634    104.2873     17.7273      4.8824      5.2622     -0.3278     -0.3851      0.5057    232.0949     31.2166    130.4082      0.8202      1.5311     -0.0903
     32.0906    104.2509     20.4545      4.8815      5.2621     -0.2338     -0.0722      0.2447    232.1059     31.2175    162.8294      0.5403      1.4032     -0.0435
     32.1179    104.2145     23.1818      4.8806      5.2619     -0.2039      0.0000      0.2039    232.1170     31.2184    180.0000      0.2741      0.8275     -0.0071
     32.1451    104.1781     25.9091      4.8797      5.2618     -0.1740      0.0000      0.1740    232.1280     31.2193    180.0000      0.1058      0.4367      0.0127
     32.1723    104.1416     28.6364      4.8788      5.2617     -0.1081      0.0000      0.1081    232.1390     31.2202    180.0000      0.0955      0.2995      0.0160
     31.8741    104.4647      1.3636      4.6390      5.2206     -5.6751     -5.4967      7.9006    235.0692     31.4936    135.9149     -1.5065     -5.8961      2.4251
     31.9014    104.4284      4.0909      4.6381      5.2204     -4.7939     -5.0659      6.9745    235.0804     31.4948    133.4196     -3.7031     -4.6773      2.2309
     31.9287    104.3922      6.8182      4.6371      5.2203     -3.3806     -4.1241      5.3326    235.0917     31.4960    129.3423     -1.8295     -3.1449      0.8822
     31.9560    104.3558      9.5455      4.6362      5.2201     -2.0827     -2.9467      3.6084    235.1029     31.4972    125.2524     -0.1600     -1.4285      0.1887
     31.9833    104.3195     12.2727      4.6353      5.2199     -1.1761     -1.8172      2.1646    235.1142     31.4984    122.9114      0.6632      0.0374     -0.0488
     32.0106    104.2832     15.0000      4.6344      5.2197     -0.6377     -0.8939      1.0980    235.1254     31.4996    125.5037      0.9055      1.1316     -0.0858
     32.0379    104.2468     17.7273      4.6334      5.2196     -0.3785     -0.2901      0.4768    235.1367     31.5008    142.5342      0.7578      1.6007     -0.0437
     32.0651    104.2104     20.4545      4.6325      5.2194     -0.2741     -0.0194      0.2748    235.1479     31.5020    175.9601      0.4928      1.3999      0.0116
     32.0924    104.1740     23.1818      4.6316      5.2192     -0.2305      0.0000      0.2305    235.1592     31.5032    180.0000      0.2500      0.6243      0.0461
     32.1196    104.1375     25.9091      4.6307      5.2190     -0.1874      0.0000      0.1874    235.1705     31.5045    180.0000      0.1073      0.3353      0.0561
     32.1468    104.1011     28.6364      4.6298      5.2188     -0.1106      0.0000      0.1106    235.1818     31.5057    180.0000      0.1086      0.2430      0.0431
     31.8439    104.4281      1.3636      5.1146      5.3189     -4.1989     -7.6222      8.7022    217.5017     30.8471    118.8496     -0.9493     -8.2652      5.1747
     31.8712    104.3918      4.0909      5.1141      5.3190     -3.4047     -6.7362      7.5478    217.5128     30.8467    116.8134     -3.4124     -6.8978      1.5930
     31.8985    104.3555      6.8182      5.1135      5.3190     -2.2438     -5.1952      5.6591    217.5238     30.8464    113.3597     -1.7856     -4.4759     -0.3799
     31.9258    104.3192      9.5455      5.1130      5.3191     -1.3147     -3.5380      3.7744    217.5348     30.8460    110.3846     -0.5128     -1.9381     -0.8222
     31.9531    104.2829     12.2727      5.1124      5.3191     -0.7481     -2.0874      2.2174    217.5459     30.8457    109.7166      0.0801      0.0677     -0.7582
     31.9804    104.2465     15.0000      5.1119      5.3192     -0.4750     -1.0117      1.1177    217.5569     30.8453    115.1502      0.1728      1.2866     -0.5685
     32.0077    104.2102     17.7273      5.1113      5.3193     -0.3670     -0.3574      0.5123    217.5680     30.8450    135.7593      0.0694      1.7049     -0.3822
     32.0349    104.1738     20.4545      5.1107      5.3193     -0.3187     -0.0615      0.3246    217.5790     30.8447    169.0786     -0.0364      1.5011     -0.2446
     32.0622    104.1374     23.1818      5.1102      5.3194     -0.2759      0.0000      0.2759    217.5901     30.8443    180.0000     -0.0909      0.9331     -0.1511
     32.0894    104.1009     25.9091      5.1096      5.3194     -0.2186      0.0000      0.2186    217.6011     30.8440    180.0000     -0.1038      0.5525     -0.0930
     32.1166    104.0645     28.6364      5.1091      5.3195     -0.1259      0.0000      0.1259    217.6122     30.8436    180.0000     -0.0230      0.3812     -0.0622
     31.8058    104.4034      1.3636      4.6776      5.0406     -3.6482     -8.5252      9.2729    199.3577     32.7557    113.1674     -8.2929     -9.8112      6.3779
     31.8331    104.3672      4.0909      4.6775      5.0410     -1.9600     -7.2727      7.5322    199.3717     32.7531    105.0832     -3.3745     -8.7193     -0.6436
     31.8604    104.3309      6.8182      4.6773      5.0413     -0.9427     -5.4963      5.5766    199.3856     32.7505     99.7322     -1.5376     -5.3419     -2.1404
     31.8877    104.2946      9.5455      4.6772      5.0417     -0.4212     -3.7209      3.7447    199.3996     32.7479     96.4580     -0.7378     -2.3644     -2.0274
     31.9150    104.2582     12.2727      4.6771      5.0421     -0.2536     -2.2214      2.2358    199.4135     32.7453     96.5125     -0.5672     -0.1568     -1.5793
     31.9423    104.2219     15.0000      4.6769      5.0424     -0.2685     -1.1443      1.1754    199.4275     32.7427    103.2056     -0.6328      1.0832     -1.1363
     31.9696    104.1855     17.7273      4.6768      5.0428     -0.3251     -0.4813      0.5807    199.4414     32.7401    124.0362     -0.6776      1.5426     -0.8196
     31.9968    104.1491     20.4545      4.6766      5.0431     -0.3527     -0.1661      0.3899    199.4554     32.7375    154.7824     -0.6472      1.3944     -0.5996
     32.0241    104.1127     23.1818      4.6765      5.0435     -0.3286     -0.0620      0.3344    199.4693     32.7350    169.3174     -0.5484      0.9929     -0.4443
     32.0513    104.0762     25.9091      4.6763      5.0438     -0.2654     -0.0396      0.2683    199.4833     32.7324    171.5208     -0.4316      0.6264     -0.3218
     32.0785    104.0398     28.6364      4.6762      5.0442     -0.1575     -0.0230      0.1592    199.4972     32.7298    171.6950     -0.2432      0.4252     -0.2138
     31.7665    104.3812      1.3636      5.0863      5.2699     -4.3601     -5.8909      7.3290    211.4648     31.1661    126.5069     -9.0930     -4.7067      3.8779
     31.7938    104.3449      4.0909      5.0859      5.2700     -2.4929     -5.6301      6.1574    211.4765     31.1652    113.8830     -1.4501     -4.8679      0.7651
     31.8211    104.3086      6.8182      5.0854      5.2702     -1.2004     -4.5031      4.6603    211.4881     31.1642    104.9261      0.9842     -2.5719     -0.3194
     31.8484    104.2723      9.5455      5.0850      5.2703     -0.5749     -3.1556      3.2075    211.4998     31.1633    100.3254      1.2576     -0.4836     -0.6541
     31.8757    104.2360     12.2727      5.0846      5.2704     -0.3573     -1.9092      1.9423    211.5115     31.1624    100.6008      0.8114      1.1154     -0.6497
     31.9030    104.1996     15.0000      5.0842      5.2706     -0.3290     -0.9422      0.9980    211.5232     31.1615    109.2486      0.3088      2.0571     -0.5404
     31.9302    104.1633     17.7273      5.0838      5.2707     -0.3573     -0.3370      0.4912    211.5348     31.1606    136.6720     -0.0468      2.2628     -0.4061
     31.9575    104.1269     20.4545      5.0834      5.2709     -0.3720     -0.0557      0.3761    211.5465     31.1597    171.4832     -0.2285      1.9016     -0.3014
     31.9847    104.0905     23.1818      5.0830      5.2710     -0.3486      0.0000      0.3486    211.5582     31.1587    180.0000     -0.2948      1.1988     -0.2162
     32.0120    104.0540     25.9091      5.0826      5.2711     -0.2847      0.0000      0.2847    211.5699     31.1578    180.0000     -0.2795      0.7342     -0.1501
     32.0392    104.0176     28.6364      5.0822      5.2713     -0.1733      0.0000      0.1733    211.5816     31.1569    180.0000     -0.1397      0.5038     -0.1014
     31.7318    104.3482      1.3636      4.9250      5.3149     -3.1667     -3.4720      4.6992    226.8564     30.8731    132.3671     -2.5710     -1.2080      1.1889
     31.7591    104.3119      4.0909      4.9242      5.3148     -2.2772     -3.5467      4.2149    226.8671     30.8735    122.7029     -0.0415     -1.4871      0.7041
     31.7864    104.2756      6.8182      4.9235      5.3148     -1.2656     -3.1500      3.3947    226.8778     30.8740    111.8887      1.9275     -1.1245      0.1038
     31.8137    104.2393      9.5455      4.9227      5.3147     -0.6691     -2.3927      2.4845    226.8886     30.8744    105.6238      2.2807     -0.2270     -0.2049
     31.8410    104.2030     12.2727      4.9219      5.3146     -0.4207     -1.5102      1.5677    226.8993     30.8748    105.5654      1.7810      0.9394     -0.2782
     31.8683    104.1666     15.0000      4.9212      5.3145     -0.3454     -0.7381      0.8149    226.9100     30.8753    115.0756      1.1617      1.8268     -0.2380
     31.8956    104.1302     17.7273      4.9204      5.3145     -0.3431     -0.2250      0.4103    226.9208     30.8757    146.7424      0.6271      2.1084     -0.1598
     31.9228    104.0938     20.4545      4.9196      5.3144     -0.3470      0.0000      0.3470    226.9315     30.8762    180.0000      0.2551      1.7557     -0.0845
     31.9501    104.0574     23.1818      4.9188      5.3143     -0.3275      0.0000      0.3275    226.9423     30.8766    180.0000      0.0200      0.8652     -0.0342
     31.9773    104.0210     25.9091      4.9181      5.3143     -0.2636      0.0000      0.2636    226.9530     30.8771    180.0000     -0.0409      0.5403     -0.0062
     32.0045    103.9845     28.6364      4.9173      5.3142     -0.1549      0.0000      0.1549    226.9638     30.8775    180.0000      0.0454      0.3961     -0.0023
     31.7018    104.3115      1.3636      4.7065      5.3234     -1.4875     -2.8206      3.1888    225.4287     30.8184    117.8051     -0.1766     -0.0267      1.2803
     31.7291    104.2752      4.0909      4.7058      5.3233     -1.0999     -2.8462      3.0514    225.4394     30.8188    111.1283      0.8465     -0.7319     -0.3338
     31.7564    104.2389      6.8182      4.7051      5.3233     -0.6184     -2.5198      2.5946    225.4501     30.8191    103.7896      1.5489     -0.2981     -0.4767
     31.7837    104.2026      9.5455      4.7044      5.3232     -0.3260     -2.0012      2.0276    225.4608     30.8194     99.2524      1.7032      0.0896     -0.5055
     31.8110    104.1663     12.2727      4.7037      5.3232     -0.2344     -1.3697      1.3897    225.4715     30.8197     99.7088      1.3907      0.7154     -0.4768
     31.8383    104.1299     15.0000      4.7030      5.3231     -0.2493     -0.7693      0.8087    225.4823     30.8200    107.9585      0.9539      1.3236     -0.4247
     31.8656    104.0935     17.7273      4.7023      5.3231     -0.2992     -0.3354      0.4495    225.4930     30.8204    131.7403      0.5272      1.5560     -0.3605
     31.8928    104.0571     20.4545      4.7016      5.3230     -0.3257     -0.1094      0.3436    225.5037     30.8207    161.4254      0.2163      1.3588     -0.2938
     31.9201    104.0207     23.1818      4.7009      5.3230     -0.2966     -0.0421      0.2996    225.5144     30.8210    171.9191      0.0938      0.9110     -0.2212
     31.9473    103.9843     25.9091      4.7002      5.3229     -0.2228     -0.0276      0.2245    225.5251     30.8213    172.9348      0.0942      0.5804     -0.1529
     31.9745    103.9478     28.6364      4.6995      5.3229     -0.1222     -0.0136      0.1230    225.5359     30.8217    173.6725      0.1569      0.4394     -0.0952
     31.6784    104.2704      1.3636      4.8184      4.9636     -1.0183     -2.1949      2.4196    246.7345     33.3298    114.8884      2.1964     -1.2380      0.8760
     31.7057    104.2341      4.0909      4.8172      4.9632     -0.8013     -2.1977      2.3393    246.7475     33.3326    110.0326      3.1042     -1.2636      0.5191
     31.7330    104.1978      6.8182      4.8160      4.9628     -0.6433     -1.9592      2.0621    246.7604     33.3354    108.1779      2.8616     -0.6079      0.2966
     31.7603    104.1615      9.5455      4.8148      4.9625     -0.5284     -1.6227      1.7065    246.7734     33.3382    108.0385      2.4147     -0.4226      0.1155
     31.7876    104.1252     12.2727      4.8136      4.9621     -0.4510     -1.1743      1.2579    246.7864     33.3410    111.0097      1.9762     -0.0419      0.0396
     31.8149    104.0888     15.0000      4.8124      4.9617     -0.4130     -0.6941      0.8076    246.7994     33.3438    120.7518      1.4987      0.5028      0.0414
     31.8421    104.0524     17.7273      4.8113      4.9614     -0.3946     -0.3032      0.4976    246.8124     33.3467    142.4587      1.0108      0.8894      0.0758
     31.8694    104.0160     20.4545      4.8101      4.9610     -0.3549     -0.0674      0.3613    246.8254     33.3495    169.2516      0.6629      0.9756      0.1028
     31.8966    103.9796     23.1818      4.8089      4.9606     -0.2769      0.0000      0.2769    246.8385     33.3523    180.0000      0.5104      0.6540      0.1122
     31.9239    103.9432     25.9091      4.8077      4.9602     -0.1822      0.0000      0.1822    246.8515     33.3551    180.0000      0.4518      0.3625      0.1007
     31.9511    103.9067     28.6364      4.8065      4.9599     -0.0895      0.0000      0.0895    246.8645     33.3580    180.0000      0.4129      0.2813      0.0742
     31.6627    104.2220      1.3636      4.9887      4.8151     -0.6082     -2.2445      2.3254    251.5706     34.5000    105.1624      2.9472     -1.4587      1.0407
     31.6900    104.1857      4.0909      4.9873      4.8146     -0.5983     -2.1743      2.2551    251.5846     34.5037    105.3864      2.9935     -1.3349      0.5337
     31.7173    104.1494      6.8182      4.9860      4.8141     -0.6287     -1.8793      1.9817    251.5987     34.5075    108.4967      2.4976     -0.7957      0.3297
     31.7446    104.1131      9.5455      4.9847      4.8137     -0.6388     -1.5182      1.6471    251.6127     34.5113    112.8200      1.9597     -0.5734      0.1835
     31.7719    104.0768     12.2727      4.9834      4.8132     -0.6168     -1.0777      1.2418    251.6268     34.5151    119.7819      1.5426     -0.1945      0.1148
     31.7992    104.0404     15.0000      4.9821      4.8127     -0.5856     -0.6244      0.8561    251.6408     34.5189    133.1610      1.0891      0.2972      0.1049
     31.8265    104.0040     17.7273      4.9807      4.8123     -0.5240     -0.2617      0.5858    251.6549     34.5227    153.4595      0.7184      0.6621      0.1168
     31.8537    103.9677     20.4545      4.9794      4.8118     -0.4154     -0.0576      0.4194    251.6689     34.5265    172.1034      0.5480      0.7223      0.1278
     31.8810    103.9312     23.1818      4.9781      4.8113     -0.2822      0.0000      0.2822    251.6830     34.5304    180.0000      0.5206      0.4914      0.1181
     31.9082    103.8948     25.9091      4.9768      4.8109     -0.1651      0.0000      0.1651    251.6971     34.5342    180.0000      0.4974      0.2842      0.1014
     31.9354    103.8583     28.6364      4.9755      4.8104     -0.0737      0.0000      0.0737    251.7112     34.5380    180.0000      0.4437      0.2186      0.0797
     31.6485    104.1720      1.3636      4.9894      4.8151     -0.8153     -2.6908      2.8116    251.5732     34.4995    106.8577      2.1677     -2.8021      1.1946
     31.6758    104.1357      4.0909      4.9880      4.8146     -0.9144     -2.3390      2.5114    251.5872     34.5033    111.3523      1.5811     -1.4799      1.0844
     31.7031    104.0994      6.8182      4.9867      4.8142     -0.9750     -1.9495      2.1797    251.6013     34.5071    116.5713      1.2630     -0.9733      0.7857
     31.7304    104.0631      9.5455      4.9854      4.8137     -0.9809     -1.5050      1.7965    251.6153     34.5109    123.0941      0.9580     -0.6313      0.5790
     31.7577    104.0268     12.2727      4.9841      4.8132     -0.9492     -1.0036      1.3814    251.6294     34.5147    133.4016      0.5627     -0.1026      0.4663
     31.7850    103.9904     15.0000      4.9828      4.8128     -0.8578     -0.5217      1.0040    251.6434     34.5185    148.6905      0.2401      0.4934      0.4099
     31.8123    103.9540     17.7273      4.9814      4.8123     -0.6929     -0.1716      0.7138    251.6575     34.5223    166.0895      0.1603      0.8304      0.3614
     31.8395    103.9177     20.4545      4.9801      4.8119     -0.4883     -0.0086      0.4884    251.6715     34.5261    178.9922      0.2807      0.7447      0.3010
     31.8668    103.8812     23.1818      4.9788      4.8114     -0.3061      0.0000      0.3061    251.6856     34.5299    180.0000      0.3916      0.2713      0.2346
     31.8940    103.8448     25.9091      4.9775      4.8109     -0.1764      0.0000      0.1764    251.6997     34.5338    180.0000      0.3995      0.1349      0.1737
     31.9212    103.8083     28.6364      4.9762      4.8105     -0.0811      0.0000      0.0811    251.7138     34.5376    180.0000      0.3604      0.1173      0.1188
     31.6277    104.1281      1.3636      4.7008      5.2949     -0.4928     -3.5822      3.6159    229.6367     31.0028     97.8327      1.6691     -3.3351      1.7088
     31.6550    104.0918      4.0909      4.7000      5.2948     -0.7388     -3.1768      3.2616    229.6474     31.0035    103.0919      0.3500     -2.3815      1.4251
     31.6823    104.0555      6.8182      4.6992      5.2946     -0.9017     -2.6489      2.7982    229.6582     31.0041    108.7990     -0.0109     -1.6397      0.7327
     31.7096    104.0192      9.5455      4.6984      5.2945     -0.9949     -2.1092      2.3321    229.6690     31.0048    115.2524     -0.2566     -1.3236      0.2361
     31.7369    103.9829     12.2727      4.6976      5.2944     -1.0399     -1.5071      1.8310    229.6798     31.0055    124.6054     -0.6713     -0.7717     -0.0528
     31.7642    103.9465     15.0000      4.6968      5.2943     -0.9746     -0.8775      1.3114    229.6906     31.0062    138.0029     -0.8621      0.1485     -0.1793
     31.7915    103.9101     17.7273      4.6960      5.2942     -0.7893     -0.3762      0.8744    229.7014     31.0069    154.5171     -0.6577      0.8531     -0.1996
     31.8187    103.8737     20.4545      4.6952      5.2941     -0.5619     -0.0930      0.5695    229.7123     31.0076    170.6023     -0.3094      1.0307     -0.1701
     31.8460    103.8373     23.1818      4.6945      5.2940     -0.3624      0.0000      0.3624    229.7231     31.0082    180.0000     -0.0283      0.7752     -0.1165
     31.8732    103.8009     25.9091      4.6937      5.2939     -0.2230      0.0000      0.2230    229.7339     31.0089    180.0000      0.0721      0.4105     -0.0719
     31.9004    103.7644     28.6364      4.6929      5.2938     -0.1116      0.0000      0.1116    229.7447     31.0096    180.0000      0.1256      0.2699     -0.0413
     31.5966    104.0928      1.3636      4.9701      5.3301     -0.4603     -4.1243      4.1499    218.7036     30.7751     96.3681      1.0994     -3.5313      1.9395
     31.6239    104.0565      4.0909      4.9695      5.3302     -0.7707     -3.7364      3.8151    218.7145     30.7749    101.6553     -0.2246     -3.0080      1.2976
     31.6512    104.0202      6.8182      4.9690      5.3302     -1.0279     -3.1511      3.3145    218.7254     30.7746    108.0670     -0.9092     -2.2261      0.4055
     31.6785    103.9839      9.5455      4.9684      5.3303     -1.1505     -2.5709      2.8166    218.7363     30.7744    114.1091     -1.2039     -2.0358     -0.1440
     31.7058    103.9476     12.2727      4.9678      5.3303     -1.1591     -1.9211      2.2437    218.7472     30.7742    121.1045     -1.4075     -1.5748     -0.3917
     31.7331    103.9112     15.0000      4.9673      5.3303     -1.0462     -1.1779      1.5754    218.7582     30.7739    131.6116     -1.3625     -0.3703     -0.4397
     31.7603    103.8748     17.7273      4.9667      5.3304     -0.8389     -0.5412      0.9983    218.7691     30.7737    147.1739     -1.0246      0.7082     -0.3825
     31.7876    103.8384     20.4545      4.9661      5.3304     -0.6143     -0.1458      0.6314    218.7800     30.7735    166.6465     -0.6366      1.1701     -0.3029
     31.8148    103.8020     23.1818      4.9656      5.3304     -0.4237      0.0000      0.4237    218.7909     30.7732    180.0000     -0.3510      0.9942     -0.2181
     31.8421    103.7656     25.9091      4.9650      5.3305     -0.2766      0.0000      0.2766    218.8018     30.7730    180.0000     -0.1914      0.5182     -0.1503
     31.8693    103.7291     28.6364      4.9644      5.3305     -0.1457      0.0000      0.1457    218.8127     30.7728    180.0000     -0.0508      0.3409     -0.0988
     31.5610    104.0607      1.3636      5.0145      5.3199     -0.8291     -4.3942      4.4717    216.3651     30.8409    100.6855      0.0615     -4.0811      2.3599
     31.5883    104.0244      4.0909      5.0140      5.3200     -1.1040     -4.0013      4.1508    216.3761     30.8405    105.4244     -0.8681     -3.6887      1.0237
     31.6156    103.9881      6.8182      5.0135      5.3200     -1.3625     -3.3548      3.6209    216.3872     30.8400    112.1043     -1.7767     -2.8059      0.0467
     31.6429    103.9518      9.5455      5.0130      5.3201     -1.4410     -2.7203      3.0784    216.3983     30.8396    117.9119     -2.1403     -2.4503     -0.3752
     31.6702    103.9155     12.2727      5.0125      5.3202     -1.2992     -2.0561      2.4322    216.4094     30.8391    122.2887     -1.7969     -1.9687     -0.4992
     31.6975    103.8791     15.0000      5.0119      5.3202     -1.0456     -1.2925      1.6625    216.4204     30.8387    128.9699     -1.2228     -0.6865     -0.4705
     31.7247    103.8427     17.7273      5.0114      5.3203     -0.7938     -0.6122      1.0025    216.4315     30.8383    142.3594     -0.7870      0.5656     -0.3783
     31.7520    103.8063     20.4545      5.0109      5.3204     -0.5797     -0.1680      0.6035    216.4426     30.8378    163.8348     -0.4913      1.1952     -0.2854
     31.7792    103.7699     23.1818      5.0104      5.3204     -0.4197      0.0000      0.4197    216.4537     30.8374    180.0000     -0.3488      1.0570     -0.2052
     31.8065    103.7335     25.9091      5.0099      5.3205     -0.2869      0.0000      0.2869    216.4648     30.8370    180.0000     -0.2412      0.5427     -0.1436
     31.8337    103.6970     28.6364      5.0094      5.3206     -0.1560      0.0000      0.1560    216.4759     30.8366    180.0000     -0.0895      0.3674     -0.0985
     31.5242    104.0291      1.3636      5.1191      5.3194     -1.2678     -4.2053      4.3923    216.1393     30.8440    106.7772     -1.2842     -4.0424      2.3485
     31.5515    103.9928      4.0909      5.1186      5.3195     -1.3244     -3.8440      4.0657    216.1504     30.8435    109.0102     -0.9907     -4.3633      0.0173
     31.5788    103.9565      6.8182      5.1181      5.3196     -1.4363     -3.1338      3.4473    216.1614     30.8430    114.6233     -1.7809     -3.1894     -0.6418
     31.6061    103.9202      9.5455      5.1176      5.3196     -1.4475     -2.4476      2.8436    216.1725     30.8426    120.6011     -2.2065     -2.2774     -0.7123
     31.6334    103.8839     12.2727      5.1170      5.3197     -1.2209     -1.8263      2.1968    216.1836     30.8421    123.7634     -1.6299     -1.6506     -0.6398
     31.6607    103.8475     15.0000      5.1165      5.3198     -0.8890     -1.1750      1.4734    216.1947     30.8417    127.1100     -0.7278     -0.6250     -0.5222
     31.6880    103.8111     17.7273      5.1160      5.3198     -0.6240     -0.5804      0.8522    216.2058     30.8412    137.0730     -0.2270      0.4614     -0.3967
     31.7152    103.7747     20.4545      5.1155      5.3199     -0.4485     -0.1748      0.4814    216.2169     30.8408    158.7019     -0.0877      1.0705     -0.2877
     31.7425    103.7383     23.1818      5.1150      5.3200     -0.3335     -0.0037      0.3335    216.2280     30.8403    179.3648     -0.1112      1.0386     -0.2075
     31.7697    103.7019     25.9091      5.1145      5.3200     -0.2373      0.0000      0.2373    216.2391     30.8399    180.0000     -0.1193      0.5677     -0.1452
     31.7969    103.6654     28.6364      5.1140      5.3201     -0.1326      0.0000      0.1326    216.2502     30.8394    180.0000     -0.0284      0.3974     -0.1003
     31.4893    103.9974      1.3636      4.7058      5.3352     -1.5725     -3.2449      3.6058    219.5288     30.7430    115.8547     -0.2343     -2.5027     -0.2987
     31.5166    103.9611      4.0909      4.7052      5.3352     -1.1376     -2.7168      2.9454    219.5397     30.7428    112.7195      1.2375     -1.9364     -1.3286
     31.5439    103.9248      6.8182      4.7047      5.3352     -0.9823     -1.9829      2.2129    219.5505     30.7427    116.3521      0.9771     -0.2982     -1.1397
     31.5712    103.8885      9.5455      4.7041      5.3352     -0.9256     -1.4280      1.7017    219.5613     30.7425    122.9509      0.3231      0.3233     -0.8614
     31.5985    103.8522     12.2727      4.7036      5.3353     -0.7575     -1.0320      1.2801    219.5722     30.7423    126.2783      0.3071      0.3758     -0.6399
     31.6258    103.8158     15.0000      4.7030      5.3353     -0.5265     -0.6674      0.8501    219.5830     30.7422    128.2689      0.6260      0.5575     -0.4768
     31.6530    103.7794     17.7273      4.7025      5.3353     -0.3450     -0.3316      0.4785    219.5938     30.7420    136.1377      0.7505      0.8880     -0.3473
     31.6803    103.7430     20.4545      4.7019      5.3353     -0.2415     -0.0964      0.2600    219.6047     30.7419    158.2384      0.5938      1.0539     -0.2559
     31.7076    103.7066     23.1818      4.7014      5.3354     -0.1783      0.0000      0.1783    219.6155     30.7417    180.0000      0.3825      0.8844     -0.1847
     31.7348    103.6702     25.9091      4.7008      5.3354     -0.1296      0.0000      0.1296    219.6263     30.7416    180.0000      0.2199      0.5239     -0.1299
     31.7620    103.6337     28.6364      4.7003      5.3354     -0.0739      0.0000      0.0739    219.6372     30.7414    180.0000      0.1673      0.3909     -0.0899
