     lat_deg     lon_deg    depth_km   length_km    width_km  slp_strk_m  slp_ddip_m    slp_am_m  strike_deg     dip_deg    rake_deg sig_stk_MPa sig_ddi_MPa sig_nrm_MPa
     31.4535    103.9639      1.2500      4.9751      5.4361     -2.0667     -3.6602      4.2033    214.9079     27.3797    119.4505     -0.2804     -2.8622      1.2077
     31.4786    103.9224      3.7500      4.9746      5.4362     -1.5858     -2.9786      3.3744    214.9225     27.3796    118.0311     -0.2237     -2.0219      0.0403
     31.5036    103.8808      6.2500      4.9742      5.4362     -1.1481     -2.1132      2.4049    214.9371     27.3796    118.5156      0.3360     -0.3287     -0.6151
     31.5287    103.8392      8.7500      4.9738      5.4362     -0.7889     -1.4291      1.6324    214.9517     27.3796    118.9005      0.7017      0.5046     -0.7601
     31.5537    103.7976     11.2500      4.9733      5.4362     -0.5492     -0.9708      1.1153    214.9663     27.3795    119.4972      0.7979      0.6867     -0.7166
     31.5787    103.7559     13.7500      4.9729      5.4362     -0.4394     -0.6480      0.7829    214.9809     27.3795    124.1410      0.5727      0.6412     -0.6077
     31.6037    103.7143     16.2500      4.9725      5.4362     -0.4059     -0.3847      0.5592    214.9956     27.3795    136.5376      0.2238      0.6721     -0.4877
     31.6287    103.6726     18.7500      4.9721      5.4362     -0.3784     -0.1774      0.4179    215.0102     27.3794    154.8763     -0.0363      0.7416     -0.3715
     31.6537    103.6309     21.2500      4.9716      5.4362     -0.3165     -0.0545      0.3212    215.0248     27.3794    170.2341     -0.1055      0.6995     -0.2682
     31.6786    103.5891     23.7500      4.9712      5.4362     -0.2313     -0.0107      0.2315    215.0394     27.3794    177.3628     -0.0672      0.5337     -0.1844
     31.7036    103.5474     26.2500      4.9708      5.4362     -0.1433      0.0000      0.1433    215.0541     27.3793    180.0000      0.0005      0.3881     -0.1207
     31.7285    103.5056     28.7500      4.9703      5.4362     -0.0709      0.0000      0.0709    215.0687     27.3793    180.0000      0.0469      0.2808     -0.0746
     31.4193    103.9326      1.2500      4.6846      5.4128     -3.0944     -4.0604      5.1051    221.4230     27.5079    127.3110     -1.0265     -3.8793      1.5137
     31.4444    103.8910      3.7500      4.6840      5.4127     -2.7625     -3.5797      4.5217    221.4372     27.5085    127.6572     -1.9516     -3.3961      1.2923
     31.4695    103.8495      6.2500      4.6835      5.4125     -2.1534     -2.7923      3.5262    221.4514     27.5092    127.6385     -1.1501     -2.0246      0.4820
     31.4945    103.8079      8.7500      4.6830      5.4124     -1.5482     -2.0145      2.5407    221.4655     27.5098    127.5436     -0.2446     -0.8051      0.1023
     31.5195    103.7662     11.2500      4.6824      5.4123     -1.1279     -1.4176      1.8116    221.4797     27.5104    128.5065      0.1278     -0.2422     -0.0838
     31.5445    103.7246     13.7500      4.6819      5.4122     -0.9041     -0.9398      1.3041    221.4939     27.5111    133.8921      0.0170      0.1011     -0.1526
     31.5695    103.6829     16.2500      4.6813      5.4121     -0.8051     -0.5173      0.9570    221.5081     27.5117    147.2801     -0.3679      0.5386     -0.1556
     31.5945    103.6412     18.7500      4.6808      5.4120     -0.7038     -0.1850      0.7277    221.5223     27.5123    165.2759     -0.5709      0.9290     -0.1284
     31.6195    103.5995     21.2500      4.6802      5.4118     -0.5540     -0.0104      0.5541    221.5365     27.5130    178.9254     -0.4845      0.9675     -0.0939
     31.6445    103.5578     23.7500      4.6797      5.4117     -0.3863      0.0000      0.3863    221.5507     27.5136    180.0000     -0.2939      0.5105     -0.0684
     31.6694    103.5160     26.2500      4.6792      5.4116     -0.2349      0.0000      0.2349    221.5649     27.5142    180.0000     -0.1202      0.3411     -0.0487
     31.6943    103.4743     28.7500      4.6786      5.4115     -0.1119      0.0000      0.1119    221.5791     27.5149    180.0000      0.0175      0.2730     -0.0367
     31.3866    103.9001      1.2500      4.8643      5.4286     -3.4639     -4.4171      5.6133    219.1257     27.4207    128.1039     -1.0988     -3.4994      1.7748
     31.4116    103.8586      3.7500      4.8638      5.4286     -3.2927     -4.0037      5.1838    219.1400     27.4211    129.4346     -2.6361     -3.4404      1.0901
     31.4367    103.8170      6.2500      4.8633      5.4285     -2.6756     -3.2365      4.1993    219.1543     27.4215    129.5802     -1.9463     -2.2406      0.3651
     31.4617    103.7754      8.7500      4.8627      5.4284     -2.0127     -2.4431      3.1654    219.1685     27.4219    129.4829     -0.9766     -1.1497      0.0193
     31.4868    103.7338     11.2500      4.8622      5.4284     -1.5028     -1.7686      2.3208    219.1828     27.4223    130.3543     -0.4142     -0.5401     -0.1586
     31.5118    103.6921     13.7500      4.8617      5.4283     -1.2259     -1.1935      1.7110    219.1971     27.4227    135.7674     -0.5146     -0.1059     -0.2287
     31.5368    103.6505     16.2500      4.8612      5.4282     -1.0695     -0.6657      1.2598    219.2114     27.4231    148.0980     -0.8550      0.5022     -0.2326
     31.5618    103.6088     18.7500      4.8607      5.4281     -0.9029     -0.2466      0.9360    219.2257     27.4235    164.7255     -0.9607      1.0528     -0.2021
     31.5867    103.5671     21.2500      4.8602      5.4281     -0.6927     -0.0292      0.6933    219.2399     27.4239    177.5875     -0.7828      1.1274     -0.1577
     31.6117    103.5253     23.7500      4.8597      5.4280     -0.4670      0.0000      0.4670    219.2542     27.4243    180.0000     -0.4695      0.6854     -0.1155
     31.6366    103.4836     26.2500      4.8592      5.4279     -0.2765      0.0000      0.2765    219.2685     27.4247    180.0000     -0.2185      0.4594     -0.0826
     31.6616    103.4418     28.7500      4.8587      5.4278     -0.1258      0.0000      0.1258    219.2828     27.4251    180.0000     -0.0188      0.3557     -0.0575
     31.3524    103.8686      1.2500      4.8140      5.4364     -3.7947     -4.4193      5.8249    217.4063     27.3785    130.6518     -1.8516     -2.8977      1.5474
     31.3775    103.8270      3.7500      4.8136      5.4363     -3.5258     -4.0529      5.3719    217.4206     27.3787    131.0218     -2.5073     -2.7077      0.6785
     31.4025    103.7854      6.2500      4.8131      5.4363     -2.9774     -3.3654      4.4934    217.4350     27.3789    131.4996     -2.1229     -1.6376      0.0683
     31.4276    103.7438      8.7500      4.8126      5.4362     -2.3522     -2.6051      3.5099    217.4494     27.3791    132.0800     -1.4210     -0.6803     -0.2005
     31.4526    103.7022     11.2500      4.8122      5.4362     -1.8144     -1.9344      2.6521    217.4638     27.3793    133.1662     -0.8564     -0.2278     -0.3336
     31.4776    103.6606     13.7500      4.8117      5.4362     -1.4744     -1.3382      1.9911    217.4781     27.3796    137.7727     -0.8924      0.0588     -0.3770
     31.5026    103.6189     16.2500      4.8112      5.4361     -1.2158     -0.7559      1.4316    217.4925     27.3798    148.1299     -0.9958      0.6954     -0.3563
     31.5276    103.5772     18.7500      4.8108      5.4361     -0.9602     -0.2882      1.0025    217.5069     27.3800    163.2939     -0.9029      1.2773     -0.2930
     31.5526    103.5355     21.2500      4.8103      5.4360     -0.7020     -0.0416      0.7033    217.5213     27.3803    176.6085     -0.6788      1.3404     -0.2249
     31.5775    103.4938     23.7500      4.8098      5.4360     -0.4561      0.0000      0.4561    217.5357     27.3805    180.0000     -0.3813      0.8647     -0.1605
     31.6025    103.4520     26.2500      4.8094      5.4360     -0.2542      0.0000      0.2542    217.5501     27.3807    180.0000     -0.1279      0.5750     -0.1121
     31.6274    103.4102     28.7500      4.8089      5.4359     -0.1096      0.0000      0.1096    217.5645     27.3810    180.0000      0.0330      0.4363     -0.0747
     31.3183    103.8376      1.2500      4.7928      5.4348     -4.0713     -4.1733      5.8303    218.1845     27.3870    134.2913     -2.6343     -1.7254      1.3962
     31.3433    103.7960      3.7500      4.7924      5.4348     -3.6387     -3.9240      5.3514    218.1988     27.3873    132.8401     -2.0406     -1.8572      0.1124
     31.3684    103.7544      6.2500      4.7919      5.4347     -3.1826     -3.3539      4.6236    218.2131     27.3876    133.4992     -2.1400     -1.0404     -0.3193
     31.3934    103.7129      8.7500      4.7914      5.4346     -2.6456     -2.6552      3.7482    218.2274     27.3879    134.8962     -1.8457     -0.1611     -0.4586
     31.4184    103.6712     11.2500      4.7909      5.4346     -2.1294     -2.0077      2.9266    218.2418     27.3882    136.6838     -1.4911      0.1809     -0.5469
     31.4435    103.6296     13.7500      4.7904      5.4345     -1.6758     -1.4073      2.1883    218.2561     27.3885    139.9768     -1.1799      0.3706     -0.5344
     31.4685    103.5879     16.2500      4.7900      5.4345     -1.2765     -0.8019      1.5075    218.2704     27.3888    147.8629     -0.8794      0.9856     -0.4642
     31.4934    103.5462     18.7500      4.7895      5.4344     -0.9262     -0.3131      0.9776    218.2847     27.3891    161.3242     -0.5945      1.5304     -0.3635
     31.5184    103.5045     21.2500      4.7890      5.4344     -0.6210     -0.0500      0.6230    218.2990     27.3894    175.3997     -0.3206      1.5445     -0.2657
     31.5434    103.4628     23.7500      4.7885      5.4343     -0.3746      0.0000      0.3746    218.3134     27.3897    180.0000     -0.0994      1.0237     -0.1854
     31.5683    103.4210     26.2500      4.7880      5.4342     -0.1902      0.0000      0.1902    218.3277     27.3900    180.0000      0.0729      0.6753     -0.1246
     31.5933    103.3793     28.7500      4.7875      5.4342     -0.0742      0.0000      0.0742    218.3420     27.3904    180.0000      0.1386      0.5019     -0.0819
     31.2851    103.8026      1.2500      5.1576      5.3712     -4.1542     -3.6831      5.5518    225.6406     27.7392    138.4401     -1.1307     -1.0336      0.4307
     31.3102    103.7610      3.7500      5.1570      5.3710     -3.8213     -3.5616      5.2237    225.6547     27.7403    137.0152     -1.3895     -0.9183      0.3674
     31.3352    103.7195      6.2500      5.1563      5.3708     -3.4528     -3.0798      4.6268    225.6687     27.7414    138.2678     -1.8392     -0.0380      0.2198
     31.3602    103.6779      8.7500      5.1556      5.3706     -2.9972     -2.4452      3.8681    225.6828     27.7424    140.7906     -1.9490      0.8055      0.0376
     31.3853    103.6362     11.2500      5.1549      5.3704     -2.4633     -1.8460      3.0783    225.6969     27.7435    143.1529     -1.6818      1.0310     -0.1201
     31.4103    103.5946     13.7500      5.1542      5.3702     -1.8731     -1.2802      2.2688    225.7110     27.7446    145.6488     -1.0878      1.0996     -0.1962
     31.4353    103.5529     16.2500      5.1535      5.3700     -1.3085     -0.7179      1.4925    225.7250     27.7456    151.2475     -0.4424      1.4995     -0.2122
     31.4603    103.5112     18.7500      5.1528      5.3698     -0.8521     -0.2751      0.8954    225.7391     27.7467    162.1098     -0.0549      1.8125     -0.1862
     31.4852    103.4695     21.2500      5.1521      5.3696     -0.5049     -0.0387      0.5063    225.7532     27.7478    175.6119      0.1701      1.6992     -0.1482
     31.5102    103.4278     23.7500      5.1514      5.3694     -0.2636      0.0000      0.2636    225.7673     27.7489    180.0000      0.2865      1.0825     -0.1147
     31.5352    103.3860     26.2500      5.1507      5.3693     -0.1138      0.0000      0.1138    225.7814     27.7500    180.0000      0.3222      0.7062     -0.0880
     31.5601    103.3443     28.7500      5.1500      5.3691     -0.0339      0.0000      0.0339    225.7955     27.7510    180.0000      0.2881      0.5206     -0.0654
     31.2546    103.7658      1.2500      4.5812      5.3642     -3.5473     -4.7653      5.9407    226.2030     27.7786    126.6642      3.1891     -3.4756      1.1649
     31.2797    103.7243      3.7500      4.5806      5.3640     -3.6465     -4.4919      5.7857    226.2171     27.7797    129.0695     -1.0557     -2.4743      1.6355
     31.3047    103.6827      6.2500      4.5800      5.3638     -3.3874     -3.8803      5.1508    226.2311     27.7808    131.1197     -1.5186     -1.3073      1.0004
     31.3298    103.6411      8.7500      4.5793      5.3636     -2.9970     -3.1220      4.3277    226.2452     27.7820    133.8292     -1.6289     -0.3414      0.5091
     31.3548    103.5995     11.2500      4.5787      5.3634     -2.4920     -2.3799      3.4459    226.2593     27.7831    136.3179     -1.5116      0.1198      0.1927
     31.3798    103.5578     13.7500      4.5781      5.3632     -1.8649     -1.6603      2.4969    226.2733     27.7842    138.3212     -0.9243      0.5572     -0.0162
     31.4048    103.5161     16.2500      4.5775      5.3630     -1.2506     -1.0125      1.6091    226.2874     27.7853    141.0045     -0.2819      1.0329     -0.1197
     31.4298    103.4745     18.7500      4.5768      5.3628     -0.7483     -0.5055      0.9031    226.3015     27.7865    145.9593      0.1663      1.3982     -0.1658
     31.4548    103.4327     21.2500      4.5762      5.3626     -0.3929     -0.1920      0.4373    226.3156     27.7876    153.9596      0.3668      1.4488     -0.1782
     31.4797    103.3910     23.7500      4.5756      5.3624     -0.1718     -0.0512      0.1793    226.3297     27.7888    163.3952      0.4234      1.2082     -0.1573
     31.5047    103.3493     26.2500      4.5749      5.3622     -0.0572     -0.0027      0.0573    226.3437     27.7899    177.3120      0.3825      0.9077     -0.1254
     31.5296    103.3075     28.7500      4.5743      5.3620     -0.0107      0.0000      0.0107    226.3578     27.7910    180.0000      0.2892      0.6025     -0.0909
     31.2203    103.7373      1.2500      4.9377      5.3797     -2.1896     -6.9078      7.2465    205.3432     27.6913    107.5875      0.8716     -3.0954      2.8910
     31.2453    103.6958      3.7500      4.9374      5.3799     -2.0761     -6.6758      6.9912    205.3590     27.6902    107.2755     -1.8986     -3.8264      0.9588
     31.2704    103.6542      6.2500      4.9372      5.3801     -1.9767     -5.9911      6.3088    205.3748     27.6890    108.2598     -2.4701     -3.5867     -0.6461
     31.2954    103.6126      8.7500      4.9370      5.3803     -1.8650     -5.0373      5.3714    205.3906     27.6879    110.3168     -2.7800     -2.9595     -1.2988
     31.3205    103.5710     11.2500      4.9367      5.3805     -1.6166     -3.9190      4.2394    205.4064     27.6868    112.4167     -2.5622     -1.9258     -1.4411
     31.3455    103.5293     13.7500      4.9365      5.3807     -1.2339     -2.8084      3.0675    205.4222     27.6857    113.7184     -1.9069     -0.8439     -1.2950
     31.3705    103.4877     16.2500      4.9363      5.3809     -0.8093     -1.8094      1.9822    205.4381     27.6845    114.0973     -1.0830      0.1954     -1.0340
     31.3955    103.4460     18.7500      4.9360      5.3811     -0.4502     -1.0204      1.1153    205.4539     27.6834    113.8081     -0.4356      0.9498     -0.7729
     31.4204    103.4043     21.2500      4.9358      5.3813     -0.2047     -0.4926      0.5334    205.4697     27.6823    112.5621     -0.0783      1.2686     -0.5364
     31.4454    103.3625     23.7500      4.9356      5.3815     -0.0656     -0.1863      0.1975    205.4855     27.6812    109.4080      0.0595      1.2835     -0.3593
     31.4703    103.3208     26.2500      4.9353      5.3817     -0.0106     -0.0480      0.0491    205.5013     27.6801    102.4307      0.0535      1.0711     -0.2287
     31.4953    103.2790     28.7500      4.9351      5.3819      0.0001     -0.0050      0.0050    205.5171     27.6789     88.6399     -0.0006      0.7748     -0.1435
     31.1827    103.7162      1.2500      4.3330      5.3917     -2.3059     -7.8309      8.1633    206.2200     27.6243    106.4076     -2.8708     -3.6909      4.8483
     31.2078    103.6746      3.7500      4.3327      5.3919     -1.7203     -7.8593      8.0453    206.2356     27.6233    102.3468     -1.0067     -6.3250      1.3714
     31.2328    103.6330      6.2500      4.3325      5.3921     -1.6574     -7.1551      7.3445    206.2512     27.6223    103.0423     -2.0042     -5.7486     -0.1336
     31.2579    103.5914      8.7500      4.3323      5.3923     -1.6002     -5.9737      6.1843    206.2669     27.6212    104.9958     -2.4400     -4.2509     -0.8548
     31.2829    103.5498     11.2500      4.3321      5.3925     -1.4019     -4.6221      4.8300    206.2825     27.6202    106.8730     -2.2115     -2.5429     -1.0736
     31.3079    103.5082     13.7500      4.3319      5.3927     -1.0640     -3.2923      3.4600    206.2982     27.6192    107.9089     -1.5636     -0.9189     -1.0028
     31.3329    103.4665     16.2500      4.3316      5.3928     -0.6740     -2.1472      2.2505    206.3138     27.6182    107.4279     -0.7876      0.3043     -0.8061
     31.3579    103.4248     18.7500      4.3314      5.3930     -0.3436     -1.2624      1.3083    206.3295     27.6172    105.2281     -0.2203      1.0735     -0.5832
     31.3829    103.3831     21.2500      4.3312      5.3932     -0.1210     -0.6564      0.6675    206.3452     27.6162    100.4460      0.0753      1.3932     -0.3909
     31.4078    103.3414     23.7500      4.3310      5.3934     -0.0054     -0.2928      0.2928    206.3608     27.6152     91.0566      0.1565      1.3749     -0.2493
     31.4328    103.2996     26.2500      4.3308      5.3936      0.0195     -0.1105      0.1122    206.3765     27.6142     80.0000      0.0457      1.1287     -0.1598
     31.4577    103.2578     28.7500      4.3306      5.3937      0.0062     -0.0351      0.0356    206.3921     27.6132     80.0000     -0.0716      0.8288     -0.1044
     31.1522    103.6865      1.2500      4.7224      5.2619     -3.8385     -7.1766      8.1386    232.0579     28.3665    118.1405      0.3568     -5.5345      2.9053
     31.1772    103.6450      3.7500      4.7216      5.2616     -3.5670     -7.1864      8.0230    232.0721     28.3683    116.3975      0.2178     -6.3657      3.1205
     31.2023    103.6034      6.2500      4.7208      5.2613     -3.3268     -6.4203      7.2310    232.0864     28.3701    117.3921      0.0084     -5.2859      1.7603
     31.2273    103.5618      8.7500      4.7200      5.2610     -2.9230     -5.2059      5.9704    232.1006     28.3719    119.3136     -0.0786     -3.4061      0.9426
     31.2524    103.5202     11.2500      4.7193      5.2607     -2.3737     -3.9094      4.5736    232.1149     28.3737    121.2651      0.0238     -1.6118      0.4631
     31.2774    103.4785     13.7500      4.7185      5.2604     -1.7223     -2.7554      3.2494    232.1291     28.3755    122.0081      0.4068     -0.2732      0.2107
     31.3024    103.4369     16.2500      4.7177      5.2601     -1.0918     -1.8207      2.1230    232.1434     28.3773    120.9502      0.8222      0.6219      0.0620
     31.3274    103.3952     18.7500      4.7169      5.2598     -0.5866     -1.1309      1.2740    232.1576     28.3791    117.4180      1.0534      1.0594     -0.0378
     31.3523    103.3535     21.2500      4.7162      5.2595     -0.2459     -0.6621      0.7063    232.1719     28.3810    110.3767      1.0688      1.1669     -0.0866
     31.3773    103.3117     23.7500      4.7154      5.2592     -0.0603     -0.3605      0.3655    232.1862     28.3828     99.4955      0.9030      1.0962     -0.1078
     31.4022    103.2700     26.2500      4.7146      5.2589      0.0055     -0.1786      0.1787    232.2004     28.3846     88.2465      0.6284      0.9439     -0.0940
     31.4272    103.2282     28.7500      4.7139      5.2586      0.0085     -0.0710      0.0715    232.2147     28.3864     83.1665      0.3619      0.7787     -0.0713
     31.1233    103.6471      1.2500      5.1739      5.3546     -2.4530     -8.1912      8.5506    227.0767     27.8324    106.6715      2.0455     -6.1475      4.5759
     31.1483    103.6055      3.7500      5.1731      5.3544     -2.7924     -7.8085      8.2928    227.0908     27.8336    109.6779     -0.7252     -6.5078      1.8591
     31.1734    103.5639      6.2500      5.1724      5.3542     -2.6837     -6.7545      7.2681    227.1048     27.8348    111.6690     -1.1211     -4.9992      0.2322
     31.1984    103.5223      8.7500      5.1717      5.3540     -2.3503     -5.4202      5.9078    227.1188     27.8360    113.4427     -0.9635     -3.2227     -0.4591
     31.2235    103.4807     11.2500      5.1709      5.3538     -1.8563     -4.0478      4.4532    227.1329     27.8372    114.6353     -0.4981     -1.4271     -0.6594
     31.2485    103.4391     13.7500      5.1702      5.3535     -1.3149     -2.8560      3.1442    227.1469     27.8385    114.7206      0.0099     -0.1141     -0.6158
     31.2735    103.3974     16.2500      5.1695      5.3533     -0.8133     -1.9051      2.0714    227.1609     27.8397    113.1191      0.4396      0.7259     -0.5071
     31.2985    103.3557     18.7500      5.1688      5.3531     -0.4247     -1.2168      1.2888    227.1750     27.8409    109.2386      0.6818      1.0851     -0.3790
     31.3234    103.3140     21.2500      5.1680      5.3529     -0.1691     -0.7486      0.7675    227.1891     27.8422    102.7267      0.7370      1.1242     -0.2674
     31.3484    103.2723     23.7500      5.1673      5.3527     -0.0288     -0.4369      0.4378    227.2031     27.8434     93.7753      0.6665      1.0292     -0.1862
     31.3733    103.2305     26.2500      5.1666      5.3525      0.0226     -0.2401      0.2412    227.2172     27.8446     84.6229      0.5116      0.8559     -0.1260
     31.3983    103.1887     28.7500      5.1659      5.3522      0.0191     -0.1084      0.1101    227.2312     27.8459     80.0000      0.3089      0.7118     -0.0848
     31.0947    103.6095      1.2500      4.3930      5.3066     -2.8063     -7.8818      8.3665    229.9146     28.1063    109.5982     -1.1063     -6.4322      4.1093
     31.1198    103.5680      3.7500      4.3923      5.3064     -2.7797     -7.3232      7.8330    229.9287     28.1078    110.7853     -0.5921     -6.1848      1.7938
     31.1448    103.5264      6.2500      4.3916      5.3061     -2.5888     -6.2134      6.7312    229.9428     28.1094    112.6187     -0.6865     -4.3554      0.3414
     31.1699    103.4848      8.7500      4.3909      5.3058     -2.2080     -4.9417      5.4125    229.9569     28.1109    114.0753     -0.4869     -2.6137     -0.2945
     31.1949    103.4432     11.2500      4.3903      5.3056     -1.7004     -3.7304      4.0996    229.9710     28.1125    114.5047     -0.0298     -1.1810     -0.4766
     31.2199    103.4015     13.7500      4.3896      5.3053     -1.1826     -2.6932      2.9414    229.9852     28.1140    113.7064      0.3848     -0.1366     -0.4756
     31.2449    103.3599     16.2500      4.3889      5.3050     -0.7384     -1.8743      2.0145    229.9993     28.1156    111.5013      0.6463      0.4905     -0.3976
     31.2699    103.3182     18.7500      4.3882      5.3048     -0.4062     -1.2619      1.3257    230.0134     28.1171    107.8453      0.7469      0.7837     -0.3130
     31.2949    103.2765     21.2500      4.3876      5.3045     -0.1894     -0.8270      0.8484    230.0275     28.1187    102.8982      0.7155      0.8297     -0.2334
     31.3198    103.2347     23.7500      4.3869      5.3042     -0.0638     -0.5214      0.5252    230.0417     28.1202     96.9730      0.6191      0.7683     -0.1683
     31.3448    103.1930     26.2500      4.3862      5.3039     -0.0042     -0.3046      0.3047    230.0558     28.1218     90.7942      0.4955      0.6806     -0.1175
     31.3697    103.1512     28.7500      4.3855      5.3037      0.0096     -0.1434      0.1437    230.0700     28.1234     86.1749      0.3499      0.6231     -0.0784
     31.0675    103.5709      1.2500      5.1416      5.2814     -2.8092     -7.1153      7.6498    231.2286     28.2529    111.5448     -1.8618     -5.6614      3.4502
     31.0925    103.5293      3.7500      5.1408      5.2811     -2.6205     -6.5295      7.0357    231.2428     28.2546    111.8670     -0.6136     -5.5510      1.6698
     31.1176    103.4877      6.2500      5.1400      5.2808     -2.3583     -5.5216      6.0041    231.2570     28.2563    113.1278     -0.4177     -3.9532      0.3573
     31.1426    103.4461      8.7500      5.1391      5.2805     -1.9463     -4.4185      4.8281    231.2711     28.2580    113.7733     -0.0844     -2.3627     -0.1867
     31.1677    103.4045     11.2500      5.1383      5.2802     -1.4728     -3.4111      3.7155    231.2853     28.2597    113.3524      0.2726     -1.2070     -0.3882
     31.1927    103.3629     13.7500      5.1375      5.2799     -1.0195     -2.5613      2.7567    231.2995     28.2614    111.7047      0.5819     -0.4552     -0.3949
     31.2177    103.3212     16.2500      5.1367      5.2796     -0.6495     -1.8603      1.9704    231.3136     28.2631    109.2460      0.7462      0.0623     -0.3487
     31.2427    103.2795     18.7500      5.1359      5.2793     -0.3871     -1.3161      1.3719    231.3278     28.2648    106.3887      0.7458      0.3253     -0.2765
     31.2676    103.2378     21.2500      5.1351      5.2790     -0.2142     -0.9021      0.9272    231.3420     28.2665    103.3548      0.6619      0.4371     -0.2051
     31.2926    103.1961     23.7500      5.1342      5.2787     -0.1040     -0.5897      0.5988    231.3562     28.2682    100.0000      0.5592      0.4662     -0.1520
     31.3175    103.1543     26.2500      5.1334      5.2784     -0.0382     -0.3551      0.3571    231.3704     28.2699     96.1340      0.4634      0.4616     -0.1064
     31.3425    103.1125     28.7500      5.1326      5.2781     -0.0066     -0.1679      0.1680    231.3846     28.2717     92.2611      0.3632      0.5011     -0.0734
     31.0384    103.5320      1.2500      4.6967      5.3695     -2.3210     -5.8772      6.3189    226.2192     27.7486    111.5494     -2.8228     -3.4679      2.4788
     31.0634    103.4905      3.7500      4.6961      5.3693     -2.0043     -5.4647      5.8207    226.2331     27.7497    110.1421     -0.7077     -3.5167      1.1484
     31.0885    103.4489      6.2500      4.6954      5.3691     -1.7274     -4.7260      5.0318    226.2471     27.7508    110.0773     -0.4103     -2.5655      0.1679
     31.1135    103.4073      8.7500      4.6948      5.3689     -1.3940     -3.9454      4.1844    226.2611     27.7520    109.4597     -0.1436     -1.8271     -0.2610
     31.1386    103.3657     11.2500      4.6942      5.3687     -1.0263     -3.1731      3.3350    226.2751     27.7531    107.9235      0.1826     -1.1195     -0.4076
     31.1636    103.3240     13.7500      4.6935      5.3685     -0.7063     -2.4774      2.5762    226.2891     27.7542    105.9130      0.4043     -0.5929     -0.4056
     31.1886    103.2824     16.2500      4.6929      5.3683     -0.4714     -1.8694      1.9279    226.3031     27.7554    104.1543      0.4630     -0.1908     -0.3452
     31.2136    103.2407     18.7500      4.6922      5.3681     -0.3129     -1.3587      1.3942    226.3171     27.7565    102.9670      0.4216      0.0801     -0.2732
     31.2385    103.1990     21.2500      4.6916      5.3679     -0.2053     -0.9489      0.9708    226.3312     27.7576    102.2080      0.3503      0.2314     -0.2037
     31.2635    103.1572     23.7500      4.6910      5.3677     -0.1221     -0.6218      0.6337    226.3452     27.7588    101.1078      0.3131      0.3393     -0.1497
     31.2884    103.1155     26.2500      4.6903      5.3675     -0.0600     -0.3728      0.3776    226.3592     27.7599     99.1417      0.2956      0.3884     -0.1045
     31.3134    103.0737     28.7500      4.6897      5.3673     -0.0205     -0.1735      0.1747    226.3732     27.7611     96.7256      0.2647      0.4628     -0.0738
     31.0091    103.4971      1.2500      4.6198      5.3851     -2.1152     -4.4313      4.9102    225.1333     27.6615    115.5171     -3.2585     -1.4998      1.2207
     31.0342    103.4555      3.7500      4.6192      5.3849     -1.6298     -4.1612      4.4690    225.1473     27.6625    111.3890     -0.3203     -1.4561      0.5852
     31.0592    103.4139      6.2500      4.6186      5.3847     -1.3300     -3.7558      3.9844    225.1612     27.6636    109.4999      0.0209     -1.2445      0.1326
     31.0843    103.3723      8.7500      4.6180      5.3845     -1.0325     -3.2967      3.4546    225.1752     27.6646    107.3906      0.2313     -1.1240     -0.1517
     31.1093    103.3307     11.2500      4.6174      5.3843     -0.7431     -2.7944      2.8915    225.1892     27.6656    104.8917      0.4481     -0.9193     -0.2670
     31.1343    103.2891     13.7500      4.6168      5.3842     -0.5293     -2.2768      2.3375    225.2032     27.6666    103.0863      0.4898     -0.6560     -0.2958
     31.1593    103.2474     16.2500      4.6162      5.3840     -0.3960     -1.7707      1.8145    225.2172     27.6676    102.6056      0.3957     -0.3607     -0.2764
     31.1843    103.2057     18.7500      4.6156      5.3838     -0.3123     -1.3092      1.3460    225.2312     27.6686    103.4175      0.2649     -0.0843     -0.2320
     31.2093    103.1640     21.2500      4.6150      5.3836     -0.2423     -0.9175      0.9490    225.2452     27.6697    104.7954      0.1870      0.1199     -0.1825
     31.2342    103.1223     23.7500      4.6144      5.3834     -0.1679     -0.6002      0.6232    225.2592     27.6707    105.6260      0.1876      0.2667     -0.1359
     31.2592    103.0805     26.2500      4.6138      5.3832     -0.0972     -0.3548      0.3678    225.2732     27.6717    105.3165      0.2140      0.3535     -0.1002
     31.2841    103.0387     28.7500      4.6132      5.3831     -0.0412     -0.1657      0.1707    225.2872     27.6727    103.9779      0.2272      0.4237     -0.0687
     30.9794    103.4595      1.2500      5.1231      5.3204     -1.8811     -3.2505      3.7555    229.3213     28.0269    120.0588     -1.6045     -0.7071      0.3828
     31.0045    103.4180      3.7500      5.1224      5.3202     -1.4893     -3.0875      3.4279    229.3353     28.0283    115.7504     -0.0126     -0.5271      0.5276
     31.0295    103.3764      6.2500      5.1216      5.3199     -1.1575     -2.8674      3.0922    229.3494     28.0298    111.9835      0.5494     -0.4672      0.2724
     31.0546    103.3348      8.7500      5.1208      5.3197     -0.8548     -2.6229      2.7586    229.3634     28.0313    108.0503      0.8345     -0.6421      0.0237
     31.0796    103.2932     11.2500      5.1201      5.3194     -0.6249     -2.3363      2.4184    229.3775     28.0328    104.9742      0.8854     -0.8662     -0.1305
     31.1046    103.2515     13.7500      5.1193      5.3192     -0.4891     -1.9672      2.0271    229.3915     28.0342    103.9634      0.7330     -0.8240     -0.1926
     31.1296    103.2099     16.2500      5.1185      5.3189     -0.4285     -1.5505      1.6086    229.4056     28.0357    105.4494      0.4631     -0.5789     -0.1857
     31.1546    103.1682     18.7500      5.1178      5.3186     -0.3863     -1.1335      1.1975    229.4196     28.0372    108.8199      0.2426     -0.2289     -0.1549
     31.1796    103.1265     21.2500      5.1170      5.3184     -0.3232     -0.7742      0.8389    229.4337     28.0387    112.6578      0.1562      0.0568     -0.1161
     31.2045    103.0847     23.7500      5.1162      5.3181     -0.2396     -0.4960      0.5508    229.4478     28.0402    115.7839      0.1537      0.2202     -0.0841
     31.2295    103.0430     26.2500      5.1155      5.3179     -0.1466     -0.2902      0.3251    229.4619     28.0417    116.8059      0.2029      0.3029     -0.0599
     31.2544    103.0012     28.7500      5.1147      5.3176     -0.0661     -0.1348      0.1501    229.4759     28.0431    116.1205      0.2423      0.3625     -0.0428
     30.9491    103.4220      1.2500      4.7222      5.4022     -1.4921     -2.8978      3.2594    223.8511     27.5662    117.2443     -1.6349     -0.7528      0.8105
     30.9741    103.3805      3.7500      4.7216      5.4021     -1.1615     -2.7724      3.0059    223.8650     27.5671    112.7318     -0.7114     -0.8383      0.3561
     30.9992    103.3389      6.2500      4.7210      5.4019     -0.8058     -2.5404      2.6651    223.8790     27.5679    107.5994     -0.0111     -0.5629      0.1066
     31.0242    103.2973      8.7500      4.7205      5.4017     -0.5068     -2.2889      2.3443    223.8930     27.5688    102.4852      0.4496     -0.5436     -0.0806
     31.0493    103.2557     11.2500      4.7199      5.4016     -0.3319     -1.9959      2.0233    223.9069     27.5697     99.4405      0.5634     -0.5951     -0.1961
     31.0743    103.2140     13.7500      4.7193      5.4014     -0.2889     -1.6369      1.6622    223.9209     27.5706    100.0108      0.3845     -0.4742     -0.2315
     31.0993    103.1723     16.2500      4.7187      5.4013     -0.3163     -1.2426      1.2822    223.9349     27.5715    104.2833      0.1186     -0.1771     -0.2211
     31.1243    103.1307     18.7500      4.7181      5.4011     -0.3378     -0.8778      0.9406    223.9489     27.5724    111.0481     -0.0591      0.1108     -0.1906
     31.1492    103.0889     21.2500      4.7175      5.4009     -0.3131     -0.5815      0.6604    223.9629     27.5733    118.2989     -0.0957      0.2974     -0.1561
     31.1742    103.0472     23.7500      4.7169      5.4008     -0.2423     -0.3706      0.4428    223.9769     27.5741    123.1731     -0.0235      0.3377     -0.1191
     31.1991    103.0055     26.2500      4.7163      5.4006     -0.1510     -0.2187      0.2657    223.9908     27.5750    124.6244      0.0866      0.3343     -0.0857
     31.2241    102.9637     28.7500      4.7157      5.4005     -0.0668     -0.1020      0.1219    224.0048     27.5759    123.2039      0.1766      0.3472     -0.0597
     30.9189    103.3861      1.2500      4.8694      5.3566     -1.4143     -2.4229      2.8055    227.2806     27.8213    120.2729     -1.3637     -0.7752      0.5524
     30.9440    103.3446      3.7500      4.8687      5.3564     -1.1240     -2.3527      2.6074    227.2946     27.8225    115.5370     -0.6930     -0.8995      0.4251
     30.9690    103.3030      6.2500      4.8680      5.3561     -0.7490     -2.1705      2.2962    227.3086     27.8238    109.0394      0.0902     -0.7254      0.1571
     30.9941    103.2614      8.7500      4.8674      5.3559     -0.4306     -1.9147      1.9625    227.3225     27.8250    102.6750      0.6283     -0.5930     -0.0693
     31.0191    103.2198     11.2500      4.8667      5.3557     -0.2620     -1.5736      1.5953    227.3365     27.8262     99.4510      0.7520     -0.3512     -0.1792
     31.0441    103.1781     13.7500      4.8660      5.3555     -0.2495     -1.1738      1.2000    227.3505     27.8275    101.9991      0.5145      0.0625     -0.1996
     31.0691    103.1365     16.2500      4.8653      5.3553     -0.3084     -0.7985      0.8560    227.3645     27.8287    111.1148      0.1861      0.4224     -0.1694
     31.0941    103.0948     18.7500      4.8646      5.3550     -0.3489     -0.5027      0.6119    227.3785     27.8300    124.7602     -0.0305      0.6212     -0.1308
     31.1191    103.0531     21.2500      4.8639      5.3548     -0.3334     -0.3100      0.4553    227.3925     27.8312    137.0849     -0.1025      0.6083     -0.0938
     31.1440    103.0113     23.7500      4.8633      5.3546     -0.2597     -0.1910      0.3224    227.4064     27.8325    143.6705     -0.0320      0.5076     -0.0656
     31.1690    102.9696     26.2500      4.8626      5.3544     -0.1600     -0.1166      0.1980    227.4204     27.8338    143.9144      0.0920      0.3879     -0.0468
     31.1939    102.9278     28.7500      4.8619      5.3542     -0.0690     -0.0575      0.0899    227.4344     27.8350    140.1897      0.1923      0.3266     -0.0330
     30.8887    103.3491      1.2500      4.8726      5.3802     -1.1666     -2.1763      2.4692    225.7283     27.6884    118.1926     -1.0550     -0.9293      0.6610
     30.9138    103.3075      3.7500      4.8719      5.3801     -0.9493     -2.1187      2.3217    225.7422     27.6895    114.1343     -0.8861     -1.0926      0.4519
     30.9389    103.2660      6.2500      4.8713      5.3799     -0.5846     -1.9584      2.0438    225.7562     27.6906    106.6207     -0.1020     -1.1000      0.0772
     30.9639    103.2244      8.7500      4.8706      5.3797     -0.2640     -1.6512      1.6722    225.7701     27.6916     99.0829      0.5395     -0.8149     -0.1590
     30.9889    103.1827     11.2500      4.8700      5.3795     -0.1104     -1.2094      1.2144    225.7841     27.6927     95.2146      0.7552     -0.1197     -0.2420
     31.0139    103.1411     13.7500      4.8693      5.3793     -0.1290     -0.7505      0.7615    225.7980     27.6938     99.7564      0.5527      0.6321     -0.2266
     31.0389    103.0994     16.2500      4.8687      5.3791     -0.2235     -0.4052      0.4628    225.8120     27.6949    118.8798      0.1921      0.9984     -0.1823
     31.0639    103.0577     18.7500      4.8680      5.3789     -0.2949     -0.2057      0.3595    225.8259     27.6960    145.1083     -0.0738      0.9923     -0.1332
     31.0889    103.0160     21.2500      4.8674      5.3787     -0.2977     -0.1120      0.3180    225.8399     27.6971    159.3848     -0.1581      0.7982     -0.0933
     31.1139    102.9743     23.7500      4.8667      5.3785     -0.2357     -0.0737      0.2470    225.8538     27.6981    162.6332     -0.0898      0.5656     -0.0653
     31.1388    102.9325     26.2500      4.8661      5.3783     -0.1416     -0.0526      0.1510    225.8678     27.6992    159.6337      0.0564      0.3884     -0.0454
     31.1637    102.8908     28.7500      4.8654      5.3781     -0.0579     -0.0304      0.0654    225.8818     27.7003    152.3017      0.1661      0.2918     -0.0319
     30.8582    103.3159      1.2500      4.4254      5.4372     -0.9451     -1.9215      2.1413    220.2592     27.3742    116.1914     -1.5811     -0.8561      0.7643
     30.8833    103.2743      3.7500      4.4250      5.4371     -0.6851     -1.8957      2.0158    220.2733     27.3747    109.8703     -0.9205     -1.2393      0.3538
     30.9084    103.2327      6.2500      4.4245      5.4370     -0.3249     -1.7303      1.7605    220.2873     27.3752    100.6360     -0.0503     -1.2681     -0.0181
     30.9334    103.1911      8.7500      4.4240      5.4369     -0.0307     -1.3937      1.3941    220.3014     27.3757     91.2637      0.6661     -0.8928     -0.2121
     30.9584    103.1495     11.2500      4.4235      5.4368      0.0638     -0.9041      0.9063    220.3154     27.3762     85.9638      0.8323      0.0632     -0.2607
     30.9835    103.1078     13.7500      4.4231      5.4367     -0.0060     -0.4444      0.4445    220.3295     27.3768     90.7788      0.5650      0.9233     -0.2455
     31.0085    103.0662     16.2500      4.4226      5.4366     -0.1259     -0.1757      0.2161    220.3435     27.3773    125.6193      0.2051      1.1294     -0.2039
     31.0334    103.0245     18.7500      4.4221      5.4365     -0.2185     -0.0745      0.2309    220.3576     27.3778    161.1652     -0.0756      0.9118     -0.1639
     31.0584    102.9828     21.2500      4.4216      5.4364     -0.2392     -0.0464      0.2437    220.3716     27.3783    169.0259     -0.1771      0.6491     -0.1281
     31.0834    102.9410     23.7500      4.4211      5.4363     -0.1898     -0.0370      0.1933    220.3857     27.3789    168.9636     -0.0975      0.4595     -0.0958
     31.1083    102.8993     26.2500      4.4207      5.4362     -0.1098     -0.0305      0.1139    220.3997     27.3794    164.4794      0.0467      0.3279     -0.0671
     31.1332    102.8575     28.7500      4.4202      5.4361     -0.0404     -0.0196      0.0449    220.4138     27.3799    154.0783      0.1489      0.2500     -0.0451
     30.8255    103.2824      1.2500      5.2582      5.4222     -0.8131     -1.4487      1.6613    222.2406     27.4561    119.3025     -1.7119     -0.7222      0.6843
     30.8506    103.2408      3.7500      5.2576      5.4221     -0.5459     -1.4477      1.5472    222.2546     27.4568    110.6590     -0.6717     -1.1057      0.3003
     30.8757    103.1992      6.2500      5.2570      5.4219     -0.2019     -1.3510      1.3660    222.2685     27.4575     98.5016      0.3489     -1.3216     -0.0180
     30.9007    103.1576      8.7500      5.2564      5.4218      0.0660     -1.0647      1.0667    222.2825     27.4582     86.4533      1.1090     -0.9480     -0.1844
     30.9257    103.1160     11.2500      5.2558      5.4217      0.1095     -0.6209      0.6304    222.2965     27.4589     80.0000      1.0381      0.0498     -0.2220
     30.9508    103.0744     13.7500      5.2551      5.4215      0.0380     -0.2153      0.2187    222.3104     27.4597     80.0000      0.6982      0.9487     -0.1951
     30.9758    103.0327     16.2500      5.2545      5.4214     -0.0503     -0.0115      0.0516    222.3244     27.4604    167.1661      0.4147      1.1407     -0.1497
     31.0007    102.9910     18.7500      5.2539      5.4213     -0.1413      0.0000      0.1413    222.3384     27.4611    180.0000      0.0686      0.6738     -0.1085
     31.0257    102.9493     21.2500      5.2533      5.4211     -0.1718      0.0000      0.1718    222.3523     27.4618    180.0000     -0.0817      0.4863     -0.0773
     31.0507    102.9076     23.7500      5.2527      5.4210     -0.1375      0.0000      0.1375    222.3663     27.4626    180.0000     -0.0314      0.3913     -0.0544
     31.0756    102.8658     26.2500      5.2521      5.4209     -0.0749     -0.0021      0.0750    222.3803     27.4633    178.4236      0.0926      0.3113     -0.0385
     31.1005    102.8240     28.7500      5.2515      5.4207     -0.0239     -0.0061      0.0247    222.3943     27.4640    165.7526      0.1664      0.2200     -0.0270
     30.7936    103.2484      1.2500      4.3516      5.4193     -0.5499     -0.6863      0.8794    222.6335     27.4720    128.7063     -1.8513      0.4278      0.0457
     30.8187    103.2069      3.7500      4.3511      5.4191     -0.2872     -0.7566      0.8093    222.6474     27.4728    110.7834     -0.1123     -0.2540     -0.0358
     30.8438    103.1653      6.2500      4.3505      5.4190     -0.0919     -0.7216      0.7274    222.6613     27.4735     97.2567      0.4085     -0.4288     -0.0752
     30.8688    103.1237      8.7500      4.3500      5.4189      0.0535     -0.5635      0.5661    222.6753     27.4743     84.5739      0.8051     -0.2714     -0.1471
     30.8938    103.0821     11.2500      4.3495      5.4187      0.0572     -0.3245      0.3295    222.6892     27.4751     80.0000      0.6497      0.1421     -0.1687
     30.9188    103.0404     13.7500      4.3490      5.4186      0.0185     -0.1051      0.1067    222.7032     27.4758     80.0000      0.4673      0.5675     -0.1498
     30.9438    102.9988     16.2500      4.3485      5.4185     -0.0171     -0.0000      0.0171    222.7171     27.4766    179.9360      0.3743      0.6430     -0.1166
     30.9688    102.9571     18.7500      4.3480      5.4183     -0.0688      0.0000      0.0688    222.7311     27.4773    180.0000      0.1651      0.3778     -0.0861
     30.9938    102.9154     21.2500      4.3474      5.4182     -0.0877      0.0000      0.0877    222.7450     27.4781    180.0000      0.0727      0.3027     -0.0613
     31.0188    102.8736     23.7500      4.3469      5.4180     -0.0694      0.0000      0.0694    222.7590     27.4789    180.0000      0.0886      0.2643     -0.0437
     31.0437    102.8319     26.2500      4.3464      5.4179     -0.0370      0.0000      0.0370    222.7729     27.4796    180.0000      0.1314      0.2341     -0.0299
     31.0686    102.7901     28.7500      4.3459      5.4178     -0.0107     -0.0034      0.0113    222.7869     27.4804    162.3632      0.1519      0.1735     -0.0204
